ENST00000309318	55	85	0.814784989531	NULL,NULL,NULL,NULL,NULL,NULL,NULL,NULL,NULL,0.000,0.000,NULL,NULL,NULL,NULL,NULL,NULL,NULL,0.032,0.000,0.000,0.000,0.300,0.000,0.000,0.000,0.000,0.717,0.725,0.000	GGCGGGCGGATCGGCGGGGAGGGGGCGGGG
ENST00000309311	2894	2924	0.419056210408	0.000,0.000,0.000,0.000,0.884,1.000,0.000,0.508,0.218,0.688,1.000,0.100,0.310,1.000,0.591,1.000,0.505,0.000,1.000,1.000,1.000,1.000,0.464,0.000,1.000,0.097,0.263,1.000,1.000,1.000	TAATGGGCCGGTCGGGGAGGGGGAGGCGGG
ENST00000307365	45	75	0.639336532794	0.018,0.182,0.000,0.000,0.147,0.874,1.000,0.970,0.225,0.753,0.377,0.000,0.025,0.009,0.000,0.063,0.631,0.357,0.107,0.108,0.176,0.066,0.170,1.000,0.536,0.000,0.037,0.032,0.000,0.055	GGTCTGGGCGGCTCTCGGTGGTTGGCACGG
ENST00000307365	1006	1036	0.74082471493	0.000,0.000,0.000,0.944,0.123,1.000,0.669,0.053,0.000,0.006,0.000,0.000,0.335,0.000,0.000,0.000,0.000,0.000,0.291,0.412,0.019,0.337,0.026,0.000,0.140,0.190,0.000,0.000,0.410,0.073	ACTGAGGCAGCCACCTAAGGTGGAGGTGGG
ENST00000307365	1283	1313	0.789394714408	0.000,0.000,1.000,0.000,0.722,0.000,0.000,0.061,0.000,0.000,0.000,0.344,0.000,0.057,0.000,0.000,0.000,0.273,0.000,0.023,0.065,0.000,0.446,0.000,0.099,0.489,0.015,0.000,0.316,0.000	CAGAGCAGCCGGAGGGAGGGGGGAGGTCGG
ENST00000307365	1296	1326	0.672756895681	0.057,0.000,0.000,0.000,0.273,0.000,0.023,0.065,0.000,0.446,0.000,0.099,0.489,0.015,0.000,0.316,0.000,0.031,0.386,1.000,0.000,0.000,1.000,0.218,0.263,1.000,0.037,0.164,1.000,0.381	GGGAGGGGGGAGGTCGGAGGTCGTGGAGGT
ENST00000307365	1449	1479	0.796715520481	0.043,0.008,0.043,0.159,1.000,0.090,0.254,0.053,0.000,0.041,0.000,0.000,0.000,0.642,0.110,0.327,0.000,0.000,0.000,0.000,0.000,0.000,0.000,0.000,0.000,0.000,0.000,0.948,0.717,0.000	GTAAGAGTAGGAAGGGGTGGGTGTCAGGGA
ENST00000307365	1462	1492	0.779471815357	0.642,0.110,0.327,0.000,0.000,0.000,0.000,0.000,0.000,0.000,0.000,0.000,0.000,0.000,0.948,0.717,0.000,0.000,0.000,0.032,0.000,0.151,0.000,1.000,1.000,1.000,0.000,0.000,0.081,0.000	GGGGTGGGTGTCAGGGATCACTTGGGATCT
ENST00000307365	1563	1593	0.671145490722	0.265,0.093,0.000,0.155,0.000,0.000,0.000,0.000,0.000,0.033,0.028,0.000,0.000,0.044,0.000,0.871,0.000,0.276,0.138,0.110,0.448,0.585,0.201,1.000,0.863,1.000,1.000,1.000,0.099,0.000	GGCAGGGGAGGGGCTGAGAGGGTGGGGGCT
ENST00000340913	952	982	0.665448949552	0.058,0.535,0.369,0.000,0.000,0.000,0.058,0.326,0.656,0.257,0.000,0.031,0.000,0.000,0.000,0.000,0.000,0.000,0.000,0.240,0.515,0.069,0.579,0.000,0.000,0.176,0.214,0.000,0.306,0.593	TGGTAGTGGAAGCAATTTTGGAGGTGGTGG
ENST00000380649	1941	1971	0.761910669975	0.000,0.000,0.000,0.000,0.000,0.000,0.000,0.000,0.000,0.000,0.413,1.000,1.000,1.000,0.380,0.167,0.168,0.000,0.000,0.000,0.000,0.000,0.000,0.124,0.000,0.196,1.000,0.000,0.000,1.000	CAAAGTCTTTGGGGAGCGGTTTGGAGGTGG
ENST00000234875	675	705	0.570176971816	0.643,0.081,0.325,0.000,0.000,0.259,0.084,0.223,1.000,0.333,0.387,0.000,0.094,0.261,0.000,0.000,0.026,0.444,0.000,0.521,0.562,0.012,0.158,0.360,0.000,0.083,0.298,1.000,1.000,1.000	GGGAGGCAGATGCGGGTGTGGAGGTGTGGG
ENST00000373316	532	562	0.703829859346	0.000,0.000,0.273,0.091,0.035,0.000,0.000,0.000,0.000,0.000,0.000,0.000,0.000,0.048,0.034,0.138,0.041,0.020,0.180,0.587,0.034,0.000,0.627,0.285,0.491,0.000,0.013,0.278,0.525,0.234	CCGCTTTCATGTGGAGGAAGAAGGGAAGGG
ENST00000373316	858	888	0.669739554057	0.000,0.000,0.000,0.036,0.000,1.000,0.000,1.000,0.154,0.326,0.919,0.000,0.174,0.003,0.000,0.056,0.125,0.777,0.020,0.168,0.731,0.651,0.068,0.170,0.176,0.000,0.000,0.026,0.240,0.296	TCAATGAGATGATTATTGGTGGTGGAATGG
ENST00000373316	1162	1192	0.670144501592	0.169,0.000,0.000,0.137,0.000,0.000,0.064,0.214,0.000,0.161,0.000,0.165,0.153,0.019,0.000,0.000,0.390,0.301,0.004,0.000,0.000,0.001,0.355,0.047,0.230,0.271,0.041,0.000,0.000,0.000	GCAGATTGTGTGGAATGGTCCTGTGGGGGT
ENST00000356674	1150	1180	0.602251314093	0.873,0.110,0.000,0.000,0.000,0.054,0.000,0.253,0.017,0.285,0.658,0.000,0.001,0.157,0.001,0.241,1.000,1.000,1.000,0.560,0.033,0.000,0.048,0.017,0.479,0.753,0.209,0.334,1.000,1.000	GGCAGTGGAGGAAGTGGGGGTTATGGTGGG
ENST00000356674	1139	1169	0.687536273251	0.039,0.038,0.328,0.422,0.000,0.000,0.000,0.000,0.341,0.189,0.000,0.873,0.110,0.000,0.000,0.000,0.054,0.000,0.253,0.017,0.285,0.658,0.000,0.001,0.157,0.001,0.241,1.000,1.000,1.000	ATGGTCCAGGAGGCAGTGGAGGAAGTGGGG
ENST00000356674	960	990	0.558358308358	0.000,0.533,0.384,0.017,0.000,0.000,0.000,0.026,0.036,0.000,0.091,0.145,0.154,0.198,0.188,0.284,0.226,0.106,0.027,0.000,0.000,0.000,0.073,0.263,0.109,0.120,0.455,0.177,0.151,0.241	TGGCAACCAGGGTGGGGGCTACGGAGGTGG
ENST00000356674	920	950	0.754820579334	0.136,0.000,0.000,0.000,0.000,0.000,0.025,0.000,0.000,0.008,0.009,0.102,0.000,0.000,0.152,0.169,0.000,0.000,0.000,0.000,0.045,0.036,0.099,0.266,0.743,0.240,0.215,1.000,0.463,0.918	GAGGAGGAAGAGGAGGATATGGTGGTGGAG
ENST00000356674	754	784	0.632207207207	0.319,0.336,0.000,0.000,0.000,0.085,0.602,0.331,0.000,0.427,0.000,0.000,0.000,0.000,0.000,0.000,0.020,0.021,0.319,0.521,0.159,0.201,0.463,0.000,0.040,0.138,0.020,0.416,0.318,0.000	GGCTTTGGGGATTCACGTGGTGGCGGTGGA
ENST00000265462	103	133	0.743158769742	0.000,0.000,0.000,0.041,0.026,0.052,0.000,0.038,0.008,0.000,0.000,0.020,0.000,0.122,0.000,0.084,0.408,0.066,0.021,0.000,0.040,0.054,0.584,0.124,0.000,0.000,0.000,0.033,0.224,0.060	GAGTGGAAGTGGCCGTGGGGCGGGTATGGG
ENST00000261622	4454	4484	0.712309354611	0.000,0.000,0.000,0.000,0.000,0.000,0.000,0.000,0.000,0.000,0.200,1.000,0.820,0.000,0.000,0.000,0.778,0.054,0.000,0.000,0.000,1.000,0.268,0.357,0.000,0.033,1.000,1.000,1.000,0.511	CCTGTTACACTGGGCTGGGTTGGGTAGGGT
ENST00000261622	3905	3935	0.681189341803	0.115,0.000,0.967,0.181,0.000,0.217,0.000,0.161,0.000,0.166,1.000,0.156,0.000,0.030,0.000,1.000,0.000,0.032,0.004,0.361,0.056,0.646,0.225,0.000,0.000,0.000,0.177,0.062,1.000,1.000	TTGGTGGGGGGTCCAGTCTGTGATCCTTGG
ENST00000261622	3886	3916	0.688247544026	1.000,1.000,0.344,0.002,0.000,0.000,0.000,0.000,0.000,0.064,0.000,0.194,0.000,0.288,0.754,0.058,0.000,0.738,0.114,0.115,0.000,0.967,0.181,0.000,0.217,0.000,0.161,0.000,0.166,1.000	GGAGCTCCTCCGCAGAAGGTTGGTGGGGGG
ENST00000261622	2158	2188	0.54295596192	0.002,0.021,0.000,0.288,0.151,0.000,0.527,0.360,0.052,0.473,0.652,1.000,0.332,0.208,0.079,0.079,0.069,0.000,0.473,1.000,0.283,0.049,0.087,0.000,0.280,0.587,0.159,0.523,1.000,1.000	GGAGGGGGTGGGGGATCTGGGCAAGGTGGG
ENST00000261622	2142	2172	0.695440895441	0.000,0.000,0.322,0.041,0.000,0.214,0.051,0.002,0.000,0.000,0.036,0.000,0.000,0.020,0.000,0.132,0.002,0.021,0.000,0.288,0.151,0.000,0.527,0.360,0.052,0.473,0.652,1.000,0.332,0.208	CCGTAGGGTGGCACTGGGAGGGGGTGGGGG
ENST00000261622	106	136	0.582104483142	0.000,0.078,0.283,0.000,0.102,0.067,0.000,0.000,0.143,0.000,0.120,0.185,0.029,0.158,0.014,0.031,0.344,0.122,0.013,0.005,0.185,0.000,0.068,0.051,0.000,0.112,0.000,0.197,0.331,0.061	CGGCGGCCGAGGAGAAGGAAGAGGCGCGGG
ENST00000261623	69	99	0.902196461257	NULL,NULL,NULL,NULL,NULL,NULL,NULL,NULL,0.209,0.000,0.000,0.000,0.000,0.087,0.000,0.000,0.000,0.000,0.000,0.000,0.000,0.000,0.194,0.000,0.000,0.000,0.000,0.000,0.000,1.000	GCGGGGTTCGGCCGGGAGCGCAGGGGCGGC
ENST00000340607	1646	1676	0.879571810883	0.000,0.000,0.000,0.000,0.000,0.000,0.000,0.000,0.000,0.000,0.000,0.000,1.000,0.072,0.073,0.134,0.137,0.000,0.000,NULL,NULL,NULL,NULL,NULL,NULL,NULL,NULL,NULL,NULL,NULL	GTGTGTGTGTGTGTGTGTGTGTGTGTGTGT
ENST00000340607	649	679	0.790922834776	0.097,0.000,0.125,0.000,0.000,0.000,0.899,0.000,0.000,0.093,0.000,0.000,0.368,0.000,0.000,0.042,0.128,0.071,0.748,0.000,0.072,0.000,0.000,0.000,0.669,0.000,0.137,0.000,NULL,NULL	GTGTGTGTGCCCGTGTGTGTGTATGTGTGT
ENST00000615959	5	35	0.78463786899	NULL,0.000,0.192,0.000,0.003,0.000,0.000,0.000,0.000,0.000,0.000,0.000,0.000,0.598,0.000,0.000,0.238,1.000,1.000,0.000,1.000,0.250,0.080,0.000,0.000,0.086,0.000,0.000,0.119,0.436	CTGCGGCGGCGGTGGTGGGGGGAGCCGCGG
ENST00000615959	112	142	0.793763849319	0.000,0.000,0.078,0.002,0.000,0.024,0.000,0.013,0.000,0.000,0.000,0.000,0.000,0.000,0.022,0.024,0.045,0.016,0.000,0.000,0.000,0.016,0.030,0.063,0.000,0.000,0.194,0.045,0.077,0.404	CGGCTGCGGTCGGCCGCGCTCGAGGGGTCC
ENST00000388968	1950	1980	0.525587371512	0.325,0.787,0.112,0.115,1.000,1.000,0.000,0.000,0.000,0.160,0.000,0.000,0.136,0.807,0.000,0.000,0.867,0.716,0.089,0.215,0.133,0.555,0.494,1.000,0.121,0.080,1.000,1.000,1.000,1.000	GGGTGGAATGGGAGGTGGTATGGGAGGTGG
ENST00000388968	1936	1966	0.666859543097	1.000,1.000,0.205,0.000,0.000,0.093,0.025,0.435,0.139,0.000,0.000,0.207,0.114,0.117,0.325,0.787,0.112,0.115,1.000,1.000,0.000,0.000,0.000,0.160,0.000,0.000,0.136,0.807,0.000,0.000	GGAATGGGTGCAATGGGTGGAATGGGAGGT
ENST00000272233	1434	1464	0.724246257643	0.100,0.000,0.000,0.000,0.000,0.000,0.104,0.071,0.000,0.065,0.615,0.000,0.082,0.000,0.000,0.047,0.000,0.000,0.149,0.126,0.052,0.029,0.281,0.477,0.170,0.000,0.239,1.000,0.136,1.000	GGGAGGGGAGGGCTGCTGGGGAGGATGGGG
ENST00000366672	176	206	0.781528503859	0.266,1.000,1.000,NULL,NULL,NULL,NULL,NULL,NULL,NULL,NULL,0.075,0.000,0.206,0.131,0.000,0.000,0.000,0.000,0.000,0.000,0.000,0.000,NULL,NULL,NULL,NULL,NULL,NULL,NULL	GGGCGGCGGCGCCGGCAGGAAGGAGGACTG
ENST00000333676	891	921	0.8375	0.000,0.000,0.091,0.000,0.000,0.000,0.000,0.000,0.000,0.000,0.000,0.094,0.000,0.000,0.199,NULL,NULL,NULL,NULL,NULL,NULL,NULL,NULL,NULL,NULL,NULL,NULL,NULL,NULL,NULL	GCACAGACCTACTGTGGCGGGAGGGAGGGG
ENST00000322611	1133	1163	0.692083068239	NULL,NULL,NULL,1.000,0.165,0.000,0.154,0.000,0.000,0.000,0.000,0.160,0.000,0.098,0.454,0.162,0.000,0.161,0.000,0.227,0.000,0.000,0.003,0.813,0.000,0.000,0.414,1.000,1.000,1.000	GTTGTCCCATCAAGGGAGGGAGGGGGTGGG
ENST00000329251	853	883	0.698230428929	0.115,0.000,0.000,0.238,0.000,0.000,0.000,0.000,0.002,0.000,0.003,0.000,0.053,0.180,0.191,0.000,0.201,0.000,0.000,0.000,0.140,0.243,0.000,0.000,0.065,0.118,0.000,0.117,0.000,0.067	GCAGAAGCCCCAGGCTGAGCGGAAGGAGGA
ENST00000316448	1251	1281	0.521371331993	0.154,0.028,0.000,0.000,0.280,0.000,0.340,0.192,0.030,0.000,0.092,0.081,0.069,0.983,0.075,0.400,1.000,0.580,0.344,1.000,0.348,0.101,0.331,0.084,0.754,1.000,0.633,0.731,1.000,0.809	GGATGAGGAGGATGAGGAGGACAAGGAGGA
ENST00000316448	1260	1290	0.410968900864	0.000,0.092,0.081,0.069,0.983,0.075,0.400,1.000,0.580,0.344,1.000,0.348,0.101,0.331,0.084,0.754,1.000,0.633,0.731,1.000,0.809,0.415,0.524,0.157,0.150,0.729,0.014,0.498,1.000,0.943	GGATGAGGAGGACAAGGAGGAAGATGAGGA
ENST00000316448	1262	1292	0.362567898287	0.081,0.069,0.983,0.075,0.400,1.000,0.580,0.344,1.000,0.348,0.101,0.331,0.084,0.754,1.000,0.633,0.731,1.000,0.809,0.415,0.524,0.157,0.150,0.729,0.014,0.498,1.000,0.943,1.000,1.000	ATGAGGAGGACAAGGAGGAAGATGAGGAGG
ENST00000258424	165	195	0.590982663251	0.064,0.000,0.356,0.216,0.000,0.689,0.203,0.271,0.000,0.041,1.000,0.488,0.306,0.697,0.141,0.284,0.000,1.000,1.000,0.519,0.000,0.000,0.256,0.000,0.000,0.901,0.000,0.174,0.000,0.373	ATGAAGAGCAGGCGACTGGGTTGGAGAGGG
ENST00000296417	124	154	0.589556277056	0.000,0.070,0.053,0.104,0.104,0.000,0.278,0.000,0.054,0.000,0.000,0.062,0.000,0.000,0.174,0.053,0.123,0.357,0.088,0.038,0.429,0.099,0.000,0.028,0.056,0.073,0.114,0.049,0.058,0.000	CGCGGTGCGACGAAGGAGTAGGTGGTGGGA
ENST00000368097	1499	1529	0.617306070115	1.000,1.000,0.977,0.000,0.092,0.055,0.000,0.468,0.056,0.000,0.079,0.000,0.080,0.487,0.290,0.601,0.000,0.000,0.021,0.067,0.000,1.000,0.095,0.867,0.074,0.359,0.000,0.211,1.000,1.000	GGGGTGGGGTGAGGGGATGGAGAGGGAGGG
ENST00000379731	3765	3795	0.774496549782	0.225,0.000,0.000,0.216,0.046,0.093,0.000,0.083,0.360,0.000,0.000,0.000,0.000,0.000,0.000,0.000,0.000,0.000,1.000,0.000,0.297,0.206,0.172,0.000,0.000,0.000,0.096,0.000,1.000,0.940	ACTGGGGATTTCAGGGCTGGGGGTTCAGGG
ENST00000339399	163	193	0.608134896652	0.430,0.910,0.439,0.000,0.420,0.311,0.738,0.091,0.384,0.069,1.000,0.067,0.000,0.965,0.274,0.888,0.296,0.237,0.390,0.000,0.000,0.000,0.000,0.000,0.000,0.230,0.000,0.000,0.134,0.000	AGTTAAGTTTGAAGAGGGGGGAAGAGGGGA
ENST00000339399	183	213	0.684829222815	0.000,0.000,0.000,0.000,0.000,0.230,0.000,0.000,0.134,0.000,0.000,0.094,0.000,0.301,0.899,0.138,0.160,0.000,0.298,0.628,1.000,0.000,0.631,1.000,0.050,0.303,1.000,0.000,1.000,0.000	GAAGAGGGGAACATGGACATGAAGAGGAGG
ENST00000340857	159	189	0.621321049187	0.000,0.000,0.000,0.000,0.000,0.027,0.000,0.000,0.027,0.032,0.000,0.479,0.022,0.175,0.007,0.230,0.040,0.029,0.471,0.238,0.062,0.593,0.539,0.360,0.322,0.664,0.310,0.614,1.000,0.380	GGCAGAGGAGGCGGAGGCAGAGGCAGAGGC
ENST00000340857	1282	1312	0.725376778648	0.000,0.000,0.024,0.442,0.000,0.285,0.000,1.000,0.000,0.166,0.000,0.000,0.000,0.000,0.000,0.064,0.000,0.000,0.000,0.000,0.000,0.889,0.000,0.048,0.000,1.000,1.000,1.000,1.000,1.000	ACTTACGGGGTTAGGGATTTGCGGGGGGGG
ENST00000340857	1331	1361	0.761445900049	0.000,0.000,0.000,0.000,0.000,0.000,0.000,0.000,0.000,0.000,0.084,0.000,0.000,0.000,0.000,0.000,0.000,0.173,0.000,0.000,0.000,0.035,0.190,1.000,1.000,0.388,1.000,1.000,1.000,1.000	TGTTTGCCATGAAGGTAGATGTGGGTGGGG
ENST00000340857	1515	1545	0.75214061004	0.323,0.002,0.053,0.000,0.000,0.349,0.000,0.000,0.000,0.197,0.009,0.000,0.507,0.077,0.074,0.000,0.000,0.000,0.140,0.066,0.000,0.000,0.000,0.058,0.000,0.000,0.066,0.000,0.442,0.074	GAGCAGCCAGCCGGCAAAGGAAGGAGGGGG
ENST00000340857	2005	2035	0.740615473944	0.000,0.000,0.000,0.392,0.000,0.000,0.577,0.404,0.000,0.926,0.000,0.000,0.278,0.000,0.000,0.000,0.000,0.000,0.000,0.000,0.000,0.000,0.000,1.000,0.000,0.899,0.063,0.350,1.000,1.000	GCTGCGGGAGGGGGAGGGGGAGTGGGCGGG
ENST00000304921	304	334	0.716997829354	0.311,0.993,0.035,0.000,0.210,0.033,1.000,1.000,0.000,0.000,0.000,0.000,0.000,0.511,0.000,0.050,0.300,0.257,0.193,0.037,0.428,0.000,0.070,0.000,0.000,0.000,0.089,0.000,0.000,0.472	AGCTAAGGAAATTGAAGTTGGTGGTGGTCG
ENST00000252593	923	953	0.908073654391	0.000,0.000,0.000,0.000,0.148,0.000,0.000,0.000,0.000,0.000,0.000,0.000,0.000,0.000,0.000,0.000,0.000,0.000,0.000,0.205,NULL,NULL,NULL,NULL,NULL,NULL,NULL,NULL,NULL,NULL	TGTTGTTATGGGTTTTTTTTGCGGGGGGGG
ENST00000252593	784	814	0.693517582294	0.036,0.677,0.018,0.288,0.018,0.000,0.000,0.000,0.026,0.000,0.000,0.000,0.193,0.000,0.118,0.340,0.498,0.678,0.082,0.000,0.000,0.000,0.010,0.843,0.086,0.168,1.000,0.548,0.257,0.050	GAAGTCCTGGGTGTGGGGACACAGTCGGGT
ENST00000252593	772	802	0.715666289166	0.632,1.000,0.456,0.000,0.080,0.000,0.000,0.000,0.000,0.103,0.050,0.087,0.036,0.677,0.018,0.288,0.018,0.000,0.000,0.000,0.026,0.000,0.000,0.000,0.193,0.000,0.118,0.340,0.498,0.678	AGGGGCCATGGGGAAGTCCTGGGTGTGGGG
ENST00000370355	4221	4251	0.77665910545	0.022,0.000,0.310,0.000,0.000,0.000,0.000,0.000,0.000,0.000,0.000,0.000,0.000,0.000,0.000,0.000,0.089,0.000,0.000,0.000,0.084,0.000,0.246,0.366,1.000,0.088,0.758,1.000,1.000,0.768	ATGTATGTGTGGCTGTGGGTGTGGGTGGGA
ENST00000370355	4234	4264	0.675920717825	0.000,0.000,0.000,0.089,0.000,0.000,0.000,0.084,0.000,0.246,0.366,1.000,0.088,0.758,1.000,1.000,0.768,0.209,0.000,0.000,0.056,0.856,0.114,0.000,0.010,0.346,0.126,0.000,0.219,0.132	TGTGGGTGTGGGTGGGAGTGTGTCTGCTGA
ENST00000370355	4238	4268	0.666605424322	0.000,0.000,0.000,0.084,0.000,0.246,0.366,1.000,0.088,0.758,1.000,1.000,0.768,0.209,0.000,0.000,0.056,0.856,0.114,0.000,0.010,0.346,0.126,0.000,0.219,0.132,0.242,0.000,0.000,0.000	GGTGTGGGTGGGAGTGTGTCTGCTGAGTAA
ENST00000340384	1449	1479	0.484324392394	0.000,0.000,0.000,0.000,0.000,0.044,0.000,0.631,0.000,0.326,0.198,0.155,0.876,1.000,0.873,0.448,0.181,0.160,0.000,1.000,0.513,0.476,0.694,1.000,0.681,1.000,0.527,0.755,1.000,0.697	CGAGTTCGAGGAGGAGGCTGAGGAGGAGGT
ENST00000233072	3204	3234	0.787947882736	0.395,0.000,0.002,0.000,0.000,0.000,0.000,0.000,0.000,0.243,1.000,0.443,0.104,0.022,0.000,0.204,0.000,0.078,0.059,0.100,0.000,0.002,0.117,0.000,0.000,0.000,0.000,0.120,0.795,0.000	GCGTCAACTTGGCAAGAAGACGGTGGTGGT
ENST00000394936	2673	2703	0.767469467931	0.293,0.000,0.133,0.000,0.932,0.000,0.133,0.000,0.000,0.000,0.000,0.105,0.000,0.118,0.091,0.035,0.000,0.000,0.000,0.074,0.000,0.000,0.000,0.000,0.000,0.111,0.264,0.447,1.000,0.167	GGGTGTGGATTGGATGCTGGGGTGTGGGGG
ENST00000394936	2385	2415	0.79691156166	0.000,0.000,0.151,0.000,0.000,0.000,0.143,0.000,0.000,0.250,0.000,0.000,0.000,0.000,0.272,0.421,0.102,0.000,0.114,0.000,0.000,0.000,0.000,0.000,0.000,0.116,0.018,1.000,1.000,1.000	TTGTTTGGGGTTCTGTGGGTTTGGGTGGGA
ENST00000394936	1706	1736	0.755192081865	0.152,0.000,0.000,0.000,0.000,0.000,0.192,0.000,0.100,0.000,0.000,0.079,0.000,0.091,0.000,0.113,0.421,0.000,0.000,0.084,0.000,0.087,0.572,0.000,0.087,1.000,0.353,0.000,0.643,0.000	GCAAACGCCATGTGTGGAACTAGGAGGAGG
ENST00000216281	223	253	0.61758147192	0.250,0.168,0.000,0.030,0.000,0.000,0.000,0.357,0.000,0.087,0.000,0.030,0.030,0.017,0.131,0.711,0.075,0.222,1.000,1.000,0.076,1.000,0.867,0.095,0.354,1.000,0.444,0.467,0.498,0.000	GACCCAAGACCAACCGATGGAGGAGGAGGA
ENST00000565493	4388	4418	0.651392297023	0.468,0.000,0.032,0.000,0.169,0.000,0.032,0.000,0.000,0.177,0.000,0.000,0.000,0.000,0.078,0.687,0.251,0.681,0.034,0.726,0.146,0.000,1.000,1.000,1.000,0.000,0.000,0.892,1.000,1.000	GAGGGAGAAGAGGAAGGGTGAAGGGAAGGG
ENST00000565493	4384	4414	0.731518683229	0.000,0.000,0.000,0.040,0.468,0.000,0.032,0.000,0.169,0.000,0.032,0.000,0.000,0.177,0.000,0.000,0.000,0.000,0.078,0.687,0.251,0.681,0.034,0.726,0.146,0.000,1.000,1.000,1.000,0.000	GGAAGAGGGAGAAGAGGAAGGGTGAAGGGA
ENST00000565493	4114	4144	0.672636380223	NULL,NULL,NULL,NULL,NULL,1.000,0.272,0.000,0.107,0.000,0.023,0.023,0.000,0.000,0.429,0.000,0.022,0.000,0.000,0.000,0.000,0.139,0.767,0.543,0.169,0.234,0.069,0.269,0.584,0.831	GGTGGGCAGAGGAGGTATGCAGGGAGAGGG
ENST00000565493	4108	4138	0.754000791452	NULL,NULL,NULL,NULL,NULL,NULL,NULL,NULL,NULL,NULL,NULL,1.000,0.272,0.000,0.107,0.000,0.023,0.023,0.000,0.000,0.429,0.000,0.022,0.000,0.000,0.000,0.000,0.139,0.767,0.543	AGGGGGGGTGGGCAGAGGAGGTATGCAGGG
ENST00000565493	3469	3499	0.817130963817	0.000,0.000,0.000,0.000,0.000,0.071,0.000,0.000,0.000,0.000,0.068,0.000,0.000,0.000,0.000,0.000,0.000,0.000,0.055,0.000,0.000,0.352,0.045,0.000,0.079,0.125,0.000,0.198,0.000,0.048	TAGCTGTCCACGGGGTTGGTAGAGGTGGGA
ENST00000565493	2511	2541	0.761158501909	0.155,0.000,0.000,0.000,0.447,0.076,0.000,0.190,0.000,0.000,0.000,0.000,0.000,0.000,0.070,0.000,0.210,1.000,0.654,0.138,0.000,0.055,0.000,0.000,0.000,0.014,0.000,0.161,0.308,0.625	AATTGTTGAACCACCTGGGAGGTGGGAGGG
ENST00000565493	2255	2285	0.698922488704	1.000,0.000,0.000,0.000,0.000,0.000,0.000,0.250,0.249,0.265,0.074,1.000,0.000,0.000,0.000,0.060,0.779,1.000,0.000,0.229,1.000,0.967,0.000,0.000,0.416,0.230,0.000,0.153,0.000,0.000	GATTGAAGGCAGAGAAGGAAGGGAGGAGGG
ENST00000565493	1608	1638	0.607339206162	NULL,NULL,NULL,NULL,0.000,0.000,0.000,1.000,0.426,0.225,0.000,0.000,0.754,0.147,0.000,0.585,0.832,0.179,0.000,0.000,0.000,0.386,1.000,0.375,0.000,0.168,0.944,0.370,1.000,0.018	GTCTTCTGGGTTGATGGAGATGGGAAGGGT
ENST00000565493	1329	1359	0.639397924887	0.000,0.000,0.680,0.000,0.447,0.205,0.000,0.000,0.000,0.000,0.653,0.734,0.040,0.040,0.079,0.146,0.796,0.107,0.000,0.000,0.000,0.000,1.000,0.303,0.000,0.654,1.000,1.000,1.000,0.240	CAGTGGTTCAGGGGAGGAGAGAGGAGGGGG
ENST00000565493	343	373	0.826262626263	0.087,0.000,0.754,0.286,0.134,0.000,0.000,0.000,0.125,0.096,0.000,0.000,0.066,0.047,0.000,0.000,0.000,0.000,0.000,0.000,0.000,0.000,0.089,0.000,0.000,0.000,0.000,0.177,0.977,0.000	TTGGGCGGCGCTGGGCGTGGTGGGCCGGGA
ENST00000350669	646	676	0.715902140673	0.000,0.000,0.000,0.298,0.000,1.000,0.409,0.000,0.334,0.000,0.000,0.000,0.000,0.659,0.109,0.000,0.000,0.345,0.130,0.000,0.000,0.000,0.247,0.000,0.977,0.297,0.548,0.000,0.165,0.041	CAGCAGCTGCCATGGATGGATTTTGGGGGA
ENST00000332598	1058	1088	0.754723250736	0.000,0.000,0.118,0.000,1.000,0.000,0.000,0.000,0.076,0.000,0.000,0.014,0.000,0.000,0.204,0.000,0.000,0.000,0.000,0.000,0.000,0.000,0.640,0.087,0.000,1.000,0.883,1.000,1.000,1.000	GTGAGGCTGCTGTTGGGGGTGGGGGGAGGG
ENST00000332598	1228	1258	0.760119260584	0.000,0.000,0.000,0.162,0.127,0.209,0.000,0.064,0.000,0.299,0.000,0.000,0.000,0.000,0.000,0.000,0.000,0.000,0.079,0.058,0.066,0.000,0.000,0.000,0.419,0.866,0.282,0.959,1.000,1.000	GGTGTGTGTGAGTTGAGGGTGGGTGGAGGG
ENST00000332598	1242	1272	0.682671251828	0.000,0.000,0.000,0.000,0.079,0.058,0.066,0.000,0.000,0.000,0.419,0.866,0.282,0.959,1.000,1.000,0.610,0.269,0.000,0.000,0.000,0.000,0.000,0.034,0.025,0.609,0.157,0.000,1.000,1.000	GAGGGTGGGTGGAGGGGTTTGCAGTGTGGG
ENST00000322723	2322	2352	0.490016682306	0.000,0.796,0.547,0.351,0.169,1.000,0.653,0.963,1.000,0.635,1.000,1.000,0.638,1.000,0.087,0.072,0.028,0.014,0.000,0.267,0.029,0.607,0.076,0.077,0.079,0.194,0.099,0.135,0.808,0.464	AGGAGGAGGAGGTGACCACAAGCCACAAGG
ENST00000322723	2304	2334	0.477015834655	0.519,0.918,0.264,0.066,0.000,0.000,0.000,0.000,1.000,0.328,0.675,0.150,0.178,0.027,0.287,0.054,0.153,0.508,0.000,0.796,0.547,0.351,0.169,1.000,0.653,0.963,1.000,0.635,1.000,1.000	AGGCTTCCGAGGAGGCAGAGGAGGAGGAGG
ENST00000322723	1020	1050	0.679358687547	0.075,0.246,0.150,0.000,0.489,0.000,0.168,0.000,0.000,0.642,0.000,0.000,0.171,0.193,0.000,0.000,0.510,0.000,0.038,0.701,0.000,0.944,0.206,0.000,0.122,0.060,0.019,1.000,0.909,0.062	TGATGAGGAGGAGGAAGAAGAGGAGGAGGA
ENST00000216146	364	394	0.604440640419	0.000,0.000,0.000,0.000,0.000,0.000,0.186,1.000,0.717,0.000,1.000,0.054,0.000,0.000,1.000,0.000,1.000,0.000,0.570,0.075,0.820,0.200,0.408,0.130,0.181,0.389,1.000,0.393,0.564,0.244	GATCCAAGGTGAACAAGAAGGAGGTGGTGG
ENST00000336458	329	359	0.667060864081	0.184,0.120,0.024,0.024,0.000,0.094,0.118,0.032,0.000,0.032,0.032,0.000,0.095,1.000,0.197,0.237,0.087,0.000,0.047,0.000,0.000,0.088,0.008,0.025,0.139,0.347,0.145,0.925,0.175,0.053	CGGTTGGGCTCGCGGCGAGCGGACGGGGTC
ENST00000217402	174	204	0.740002436202	0.000,0.000,0.137,0.167,0.796,0.047,0.000,0.050,0.166,0.000,0.000,0.326,0.000,0.000,0.000,0.262,0.000,1.000,0.072,0.000,0.000,0.100,0.000,0.000,0.425,0.750,1.000,0.025,0.000,0.150	TTCGGGAAGCTGTTCGGGGCTGGAGGGGGT
ENST00000368010	117	147	0.61256490135	0.043,0.101,0.000,0.000,0.043,0.121,0.114,0.000,0.107,0.000,0.000,0.000,0.000,0.179,0.350,0.001,0.219,0.533,0.188,0.000,0.245,0.344,0.511,0.124,0.357,0.000,0.028,0.000,0.136,0.108	CAGCGGGAGCGGCGCGGGGAAGGGGGCGGT
ENST00000394440	949	979	0.71020836107	NULL,0.000,1.000,0.000,0.000,0.284,0.061,0.000,0.207,0.166,0.000,0.335,0.000,0.229,0.000,0.000,0.587,0.081,0.000,0.012,0.433,0.000,0.012,0.101,0.000,0.078,0.000,0.000,0.308,0.250	TTGATGACTGTGAGTTGGTGGAAGGGCTGG
ENST00000353999	716	746	0.734578266744	0.000,0.000,0.000,0.000,0.000,0.000,0.000,0.000,0.000,0.000,0.000,0.081,0.004,0.421,0.054,0.000,0.000,0.130,0.029,0.084,1.000,1.000,0.240,0.000,0.047,0.360,0.625,0.833,1.000,1.000	CCTGCGGTTGGGAGGGAATGGGGCGTGGGG
ENST00000353999	1399	1429	0.770674795039	0.089,0.000,0.000,0.000,0.000,0.000,0.000,0.000,0.132,0.000,0.000,0.000,0.000,0.000,0.000,0.003,0.066,0.158,0.071,0.979,0.133,0.357,0.000,0.000,0.130,0.598,0.000,0.672,1.000,0.369	GAAAGGGGGGGCTATGGAAGAGCGGTAGGG
ENST00000424390	193	223	0.691614028755	1.000,0.066,0.140,0.000,0.000,0.000,0.051,0.358,0.000,0.000,0.148,1.000,0.028,0.340,0.236,0.000,0.000,0.388,0.050,0.832,0.003,0.105,0.124,0.000,0.000,0.050,0.124,0.206,0.292,0.000	GAGAATCGCTTGAGCCCGGGAGGTGGAGGT
ENST00000302182	326	356	0.614079673313	0.109,0.143,0.124,1.000,0.000,0.564,0.074,0.000,0.000,0.000,0.000,0.459,0.261,1.000,0.996,0.381,0.123,0.805,0.238,0.000,0.131,0.148,0.112,0.147,0.069,0.000,0.052,0.552,0.185,0.000	TTTGTGTCCCTGTGGGTGGACGTGGTTGGT
ENST00000262947	833	863	0.582696892107	0.000,0.000,0.000,0.150,NULL,NULL,1.000,1.000,0.632,0.000,0.177,0.000,0.714,0.000,0.328,NULL,NULL,NULL,NULL,NULL,NULL,NULL,NULL,NULL,0.482,0.180,NULL,NULL,1.000,NULL	AGGGTGGGGAACATGGGGGCTATGCTGGGG
ENST00000370651	2415	2445	0.715981853532	0.000,0.141,0.279,0.295,0.201,0.073,0.298,0.110,0.000,0.000,0.000,0.147,0.000,0.000,0.000,0.000,0.000,0.000,0.000,0.000,0.000,0.000,0.483,0.809,0.250,NULL,NULL,NULL,NULL,NULL	AGGGAGGGCCTGAGAAAAGAATGGGAGGGG
ENST00000300026	736	766	0.746289169874	0.000,0.000,0.501,0.144,0.314,0.000,0.032,0.000,0.000,0.000,0.085,0.025,0.000,0.050,0.115,0.000,0.000,0.016,0.000,0.000,0.000,0.032,0.027,0.000,0.000,0.062,0.225,0.097,0.029,0.065	TAGAGGGCATGGAGGTGGTGCGGAAGGTGG
ENST00000239223	23	53	0.679452054795	0.000,0.053,0.000,0.048,0.000,0.000,0.243,0.232,0.462,1.000,0.000,0.016,0.022,0.016,0.218,0.145,0.073,0.000,0.000,0.000,0.000,0.051,0.194,0.051,0.016,0.260,0.624,0.085,0.314,0.257	TGCGACGCGGGTCGGAGGGGCAGTCGGGGG
ENST00000357037	2954	2984	0.762503135189	0.000,0.000,0.000,0.000,0.000,0.204,0.000,0.000,0.109,0.000,0.219,0.000,0.133,0.250,0.000,0.000,0.114,0.000,0.000,0.000,0.000,0.137,0.379,0.000,0.000,0.234,0.072,1.000,1.000,0.136	ACCAAGTTGAGAGCTGGAGGGGAGGTGGGG
ENST00000357037	2223	2253	0.602559326711	0.261,0.397,0.000,0.000,0.097,0.313,0.000,1.000,0.939,0.749,0.345,1.000,0.058,0.040,0.739,0.279,0.075,0.164,0.000,0.902,0.000,0.000,0.067,0.000,0.000,0.922,0.000,0.162,0.925,0.230	GAGGGGTGGGGAACGACATGCATGTGAGGG
ENST00000357037	2204	2234	0.73828125	0.001,0.000,0.056,0.019,0.000,0.000,0.167,0.074,0.441,0.148,0.000,0.000,0.000,0.000,0.000,0.000,0.000,0.000,0.113,0.261,0.397,0.000,0.000,0.097,0.313,0.000,1.000,0.939,0.749,0.345	CAAGAGAAGCCCTGGGAAGGAGGGGTGGGG
ENST00000357037	1021	1051	0.908436876822	0.000,0.000,0.000,0.000,0.000,0.000,0.000,0.077,0.000,0.000,0.000,0.000,0.000,0.000,0.000,0.000,0.000,0.000,0.000,0.152,0.000,0.000,0.000,0.798,0.025,0.000,0.000,0.000,0.121,1.000	TTTCGTCGGACGAGGCGGTGGAGGTTGAGG
ENST00000324460	2361	2391	0.574443121918	0.383,0.000,0.397,1.000,0.127,0.000,0.228,0.000,0.000,0.141,0.034,1.000,1.000,0.072,0.281,0.000,0.000,0.012,0.000,0.104,0.105,0.136,0.000,0.742,1.000,1.000,1.000,1.000,1.000,1.000	GAAGAAGAATTGGCCATCTTAAAAAGCGGG
ENST00000324460	2333	2363	0.787460100319	0.000,0.000,0.187,0.000,0.000,0.000,0.000,0.000,0.000,0.153,0.487,0.000,0.000,0.000,0.000,0.042,0.000,0.256,0.000,0.028,0.000,0.000,0.000,0.510,0.000,0.274,0.597,0.007,0.383,0.000	TTGCTCACATGTCTTTGGGTGGGGGGGAGA
ENST00000324460	824	854	0.711593753232	0.000,0.031,0.000,0.000,0.000,0.000,0.185,1.000,0.760,0.144,0.029,0.118,0.217,1.000,0.000,0.000,0.000,0.000,0.719,0.000,0.790,0.690,0.108,0.000,0.350,0.051,0.000,0.036,0.038,0.180	TGCTTATGGCCTGGATAAGAGGGAGGGGGA
ENST00000615535	55	85	0.846771183277	0.000,0.000,0.130,0.082,0.048,0.000,0.000,0.000,0.000,0.000,0.000,0.000,0.000,0.000,0.000,0.230,0.269,0.049,0.085,0.000,0.000,0.000,0.000,0.000,0.000,0.000,0.000,0.000,0.000,0.000	CAGGGCAGAGAGGTGGGCGGCAGTTGGGGT
ENST00000252818	113	143	0.746777789389	0.187,0.200,0.099,1.000,0.189,0.055,1.000,0.056,0.045,0.068,0.000,0.000,0.000,0.000,0.000,0.000,0.124,0.508,0.056,0.000,0.069,0.000,0.000,0.000,0.058,0.000,0.000,0.387,NULL,NULL	GCCGGCGCGGCGGGGGAGGCGGAGGATGGA
ENST00000348035	1453	1483	0.595870591157	0.000,0.000,0.000,0.000,0.000,0.021,0.000,0.000,0.997,0.378,0.002,1.000,0.328,0.933,0.775,0.439,0.000,0.510,0.288,1.000,0.468,0.316,0.246,1.000,0.000,0.000,0.048,1.000,0.987,0.000	TCTGTTTAGCTGTGGGTGTGCCGGGTGGGG
ENST00000348035	1466	1496	0.64517440776	0.933,0.775,0.439,0.000,0.510,0.288,1.000,0.468,0.316,0.246,1.000,0.000,0.000,0.048,1.000,0.987,0.000,0.000,0.000,0.000,0.000,0.089,0.588,0.000,0.128,0.000,0.000,0.000,0.000,0.120	GGGTGTGCCGGGTGGGGTGTGTGTGATCAA
ENST00000335514	164	194	0.657498598767	0.000,0.000,0.000,0.203,0.088,1.000,0.064,0.281,0.451,0.101,0.560,0.325,0.201,1.000,0.639,0.693,0.625,0.000,0.095,0.000,0.000,0.000,0.000,0.000,0.000,0.000,0.000,0.000,1.000,1.000	CTCCATCCGGGAAGCCGGTGGGGCCTTCGG
ENST00000343262	86	116	0.784618092221	0.032,0.000,0.000,0.000,0.028,0.037,0.033,0.068,0.027,0.000,0.006,0.000,0.019,0.232,0.055,0.000,0.000,0.004,0.003,0.010,0.007,0.000,0.012,0.007,0.053,0.000,0.058,0.107,0.539,0.557	GCCCGGGGGCCCTGGTGGCCCTGGGATGGG
ENST00000396705	1022	1052	0.664426746308	0.000,0.000,0.000,0.068,0.084,0.135,0.000,0.069,0.000,0.166,0.098,0.482,0.271,0.146,0.000,0.120,1.000,0.917,0.222,0.046,1.000,0.111,0.000,0.584,0.000,0.072,0.243,0.000,0.045,0.148	TCCTTGGCTGAGAGATGGAAGGCGTGGTGG
ENST00000303577	398	428	0.586392104764	0.000,0.000,0.780,0.000,0.457,0.000,0.000,0.000,0.000,0.000,0.269,0.000,0.021,0.010,0.112,1.000,0.204,1.000,0.276,1.000,0.277,0.980,0.525,0.000,0.274,0.237,1.000,1.000,0.485,0.631	AAGAGGATCCGCGAGGAGAGTGGCGCGCGG
ENST00000303577	666	696	0.776441102757	0.000,0.000,0.000,0.000,0.111,0.076,0.372,0.117,0.082,0.000,0.033,0.000,0.000,0.140,0.000,0.037,0.000,0.000,0.000,0.000,0.000,0.000,0.000,0.000,0.000,0.000,0.102,0.385,0.141,0.000	GTACGGGGGCGCAGGTCCAGGTGGCGGGGG
ENST00000297991	1523	1553	0.523728004939	NULL,NULL,NULL,NULL,NULL,NULL,NULL,NULL,NULL,NULL,NULL,NULL,NULL,NULL,NULL,NULL,NULL,0.000,0.000,0.000,0.591,0.889,0.122,0.000,0.448,0.000,0.972,0.603,0.857,1.000	AGTAGGGTGGATGTGGGTAGGGCTGGGAGG
ENST00000378024	17126	17156	0.864905371404	0.000,0.000,0.000,0.000,0.000,0.000,0.000,0.000,0.000,0.104,0.851,0.000,0.000,0.118,0.000,0.000,0.323,0.068,0.000,0.053,0.000,0.530,0.000,0.000,1.000,0.000,0.000,0.000,0.000,0.000	CATTTCTCAGGACCAAAGGTGGAAGGAGGT
ENST00000378024	1062	1092	0.673205401564	0.000,0.417,0.000,0.000,0.000,0.242,0.000,0.498,0.000,0.113,0.000,0.000,0.000,0.000,0.000,0.000,0.000,0.133,0.218,0.200,0.000,1.000,0.204,0.833,0.447,0.388,0.501,0.372,1.000,0.000	AGGGCTTGGACTTGGGTGGCAGAGGAGGGG
ENST00000357214	2100	2130	0.71710708548	0.127,0.000,0.000,0.000,0.000,0.688,0.554,0.398,0.000,0.018,0.000,0.000,0.000,0.000,0.000,0.376,1.000,0.516,0.062,0.075,0.000,0.237,0.020,0.105,1.000,0.688,0.083,0.000,0.070,0.000	GGGCAGGGAGGTGCGGGGCCTGTGGGTGGA
ENST00000357214	2088	2118	0.807203969884	0.000,0.000,0.000,0.069,0.000,0.000,0.000,0.150,0.000,0.000,0.000,0.000,0.127,0.000,0.000,0.000,0.000,0.688,0.554,0.398,0.000,0.018,0.000,0.000,0.000,0.000,0.000,0.376,1.000,0.516	ACTGAGCGCTTTGGGCAGGGAGGTGCGGGG
ENST00000409115	364	394	0.893280977312	0.000,0.000,0.060,0.000,0.000,0.000,0.000,0.000,0.000,0.035,0.000,0.000,0.046,0.000,0.000,0.000,0.000,0.005,0.000,0.000,0.000,0.000,0.000,0.000,0.000,0.000,0.287,0.080,0.220,0.795	AGGAAGAAGGTGGGGAGGAAGAGGAGGAGG
ENST00000451311	442	472	0.657920711974	0.000,0.000,0.000,0.000,0.016,0.057,0.000,0.087,0.402,0.000,0.378,0.007,0.180,0.207,0.000,0.000,0.000,0.002,0.000,0.326,0.000,0.328,0.403,1.000,0.374,0.473,1.000,1.000,1.000,1.000	AAGAAGTGGGGTGGAAGAAGTGGGGTGGGA
ENST00000261772	3038	3068	0.702331838565	0.192,0.222,0.000,0.000,0.000,0.050,0.807,0.000,0.000,0.000,0.000,0.224,0.050,1.000,0.000,0.113,0.241,0.081,0.224,0.000,0.000,0.130,0.115,0.000,0.282,0.000,0.000,0.264,0.465,0.000	TGTAAAGAACTGAGTGGGGAAGGAGGAGGC
ENST00000261772	1492	1522	0.775807722616	0.000,0.072,0.000,0.000,0.000,0.000,0.000,0.000,0.000,0.000,1.000,0.153,0.000,0.000,0.000,0.000,0.000,0.003,0.997,0.286,0.000,0.000,0.723,0.857,0.000,0.000,0.097,0.596,1.000,0.138	TGAAATCACAGGGCAAGGGAGCTGGTGGGG
ENST00000261772	79	109	0.670123796424	0.000,0.545,1.000,0.058,0.000,0.000,0.000,0.000,0.000,0.000,0.323,0.067,0.058,0.058,0.321,0.000,0.492,0.162,0.000,0.081,0.183,0.000,0.000,0.366,1.000,1.000,0.104,0.199,0.253,1.000	GGGGGACTCTGAGGGAGGAGCTGGGGACGG
ENST00000261772	76	106	0.671574468085	0.088,0.803,0.341,0.000,0.545,1.000,0.058,0.000,0.000,0.000,0.000,0.000,0.000,0.323,0.067,0.058,0.058,0.321,0.000,0.492,0.162,0.000,0.081,0.183,0.000,0.000,0.366,1.000,1.000,0.104	GGCGGGGGACTCTGAGGGAGGAGCTGGGGA
ENST00000370321	570	600	0.542515230635	1.000,0.928,0.241,0.328,0.016,0.000,0.173,0.126,1.000,0.130,0.000,0.366,0.265,0.077,0.000,0.054,0.000,0.000,0.205,0.046,1.000,1.000,0.205,0.187,0.509,0.814,0.250,1.000,0.590,0.214	GGTGCCCTGAAGGGAGCTGTGGATGGAGGC
ENST00000304312	55	85	0.747040150995	NULL,NULL,NULL,NULL,NULL,NULL,NULL,NULL,NULL,NULL,NULL,NULL,NULL,NULL,0.039,0.701,0.000,1.000,0.178,0.000,0.000,0.006,0.000,0.138,0.000,0.143,0.000,0.000,0.051,0.658	GCAGGTTGTGCTTCCGGTGCGGAGGTCAGG
