ENST00000355938	23	53	0.764372688039	NULL,NULL,NULL,NULL,NULL,NULL,NULL,NULL,NULL,NULL,NULL,NULL,NULL,NULL,0.000,0.837,0.922,0.000,0.000,0.000,0.000,0.000,0.799,0.000,0.000,0.000,0.000,0.686,0.000,0.000	GGACACGTGGGTGGGGGAAGCTGAGCGCTG
ENST00000253023	1202	1232	0.73763487268	1.000,0.221,0.221,0.000,0.000,0.000,0.238,0.238,1.000,0.000,0.000,0.000,0.000,0.244,0.000,0.000,0.459,0.000,0.000,0.413,0.156,0.244,0.000,0.000,0.000,0.000,0.000,0.200,0.000,0.000	GGGTAGGGGTTTGGGGGGCGGCCGGTGGGG
ENST00000253023	505	535	0.491550701662	NULL,NULL,NULL,NULL,NULL,NULL,NULL,NULL,NULL,NULL,NULL,NULL,NULL,NULL,NULL,0.281,0.867,0.329,0.000,0.625,0.219,0.888,0.000,0.150,0.529,0.280,0.000,1.000,0.000,0.509	CGGGCGGCGGCGGGGGGCCGGGTGGCCGGG
ENST00000284971	64	94	0.744101633394	NULL,NULL,NULL,NULL,NULL,NULL,NULL,NULL,NULL,NULL,NULL,NULL,NULL,NULL,NULL,NULL,NULL,0.000,0.190,0.000,0.000,0.000,0.134,0.000,0.000,0.073,0.000,0.000,0.154,0.000	AAGTAGAGCGGAGGTGGTGGCGGCGGAGGC
ENST00000396210	43	73	0.894784626248	0.000,0.000,0.102,0.000,0.000,0.000,0.102,0.000,0.000,0.000,0.000,0.227,0.000,0.000,0.000,0.000,0.000,0.000,0.000,0.000,0.000,0.000,0.000,NULL,NULL,NULL,NULL,NULL,NULL,NULL	CCTCCTCCTCGGCCTCACCATTCCAGACCA
ENST00000396210	53	83	0.923076923077	0.000,0.227,0.000,0.000,0.000,0.000,0.000,0.000,0.000,0.000,0.000,0.000,0.000,NULL,NULL,NULL,NULL,NULL,NULL,NULL,NULL,NULL,NULL,NULL,NULL,NULL,NULL,NULL,NULL,NULL	GGCCTCACCATTCCAGACCAAAATTGAAAA
ENST00000355653	2433	2463	0.774213472303	NULL,NULL,NULL,NULL,NULL,NULL,NULL,NULL,NULL,NULL,NULL,NULL,NULL,0.400,0.000,0.400,0.000,NULL,0.000,0.000,0.000,0.287,0.000,0.000,NULL,0.000,0.000,0.000,0.640,0.000	GTTTACATGGGTGGGGAGATGGAGCAGGGA
ENST00000355653	1993	2023	0.721018467727	NULL,NULL,NULL,NULL,NULL,NULL,NULL,NULL,NULL,NULL,NULL,0.000,0.000,0.000,0.348,0.000,0.000,0.727,0.000,0.000,0.348,0.400,NULL,NULL,NULL,0.000,NULL,NULL,NULL,NULL	CTTGTGTGTGTGTGGCGGCGGGGAGGGAGG
ENST00000350669	646	676	0.78774594408	0.000,0.000,0.040,0.000,0.003,0.764,0.000,0.000,0.204,0.000,0.000,0.000,0.000,0.000,0.003,0.126,0.000,0.380,0.454,0.000,0.000,0.000,0.000,0.050,0.285,0.000,0.368,0.088,0.132,0.000	CAGCAGCTGCCATGGATGGATTTTGGGGGA
ENST00000394349	544	574	0.68230481865	0.000,0.000,0.000,0.881,0.000,0.000,0.247,0.000,0.677,0.328,0.000,0.636,1.000,0.000,0.000,0.000,0.636,0.000,0.000,0.365,0.000,0.578,0.583,0.000,0.000,0.000,0.000,0.159,0.191,0.768	ACAGTTGGGGTGGCTGGTTCTGGGGCTGGG
ENST00000312175	434	464	0.65444015444	NULL,NULL,NULL,NULL,NULL,NULL,NULL,NULL,NULL,NULL,NULL,0.829,0.000,0.223,0.000,0.000,0.000,NULL,NULL,NULL,NULL,0.000,0.000,0.234,0.447,0.000,0.980,0.681,0.750,0.000	GGTATCCGCAGGAGCGGCCGGGTGGCGGGA
ENST00000336023	1309	1339	0.647490316004	0.000,0.120,0.000,0.000,0.000,0.217,0.162,0.000,0.485,0.000,0.000,0.000,0.318,0.285,0.000,0.000,0.254,0.359,1.000,0.330,0.000,1.000,0.000,0.391,0.991,1.000,0.000,0.834,0.429,0.000	TCACTGGTACGTGGGTGAGGGGATGGAGGA
ENST00000301071	1625	1655	0.711094008323	0.000,0.000,0.000,0.000,1.000,0.000,0.483,0.256,0.000,0.167,0.755,0.000,0.000,0.256,0.208,0.000,0.834,0.000,0.134,0.278,0.320,0.000,0.000,0.000,0.000,0.000,0.692,0.000,0.464,0.000	CCTTGAGAAGGATTATGAGGAGGTTGGTGT
ENST00000301072	1489	1519	0.613435799674	0.210,0.000,0.000,0.000,0.000,0.558,0.271,0.000,0.000,0.000,0.609,0.000,0.000,0.469,0.321,0.000,0.591,0.000,0.491,0.249,0.529,1.000,0.000,0.000,0.591,1.000,0.255,0.249,1.000,0.000	TCACTGGTACGTGGGTGAGGGGATGGAGGA
ENST00000355937	1797	1827	0.759518662632	0.000,0.000,0.000,0.000,0.331,0.206,0.000,0.427,0.240,0.000,0.000,0.000,0.000,0.180,0.000,0.000,0.000,0.000,0.000,0.096,0.000,0.327,0.000,0.000,0.000,0.048,0.075,0.043,0.340,0.000	TGGGGAAGAACAAGCATAATGGTAGGGGGA
ENST00000355937	1774	1804	0.81917211329	0.275,0.000,0.000,0.000,0.000,0.000,0.000,0.000,0.240,0.000,0.275,0.000,0.000,NULL,NULL,NULL,0.577,0.000,0.000,0.000,0.000,0.000,0.000,0.000,0.000,0.000,0.000,0.331,0.206,0.000	GCCACTGCAGGATTTGGGGGCGGTGGGGAA
ENST00000543796	287	317	0.867042157365	0.186,0.000,0.000,0.000,0.000,0.000,0.000,0.000,0.000,0.000,0.152,0.000,0.000,0.000,0.000,0.179,0.000,0.000,0.000,0.599,0.000,NULL,NULL,NULL,NULL,NULL,NULL,NULL,NULL,NULL	GTTCAAACTTGTATTGGTTGGTGATGGTGG
ENST00000320895	2168	2198	0.71420878954	0.000,0.301,1.000,0.345,0.111,0.000,0.000,0.163,0.138,0.000,0.305,0.000,0.000,0.000,0.000,0.000,0.208,0.000,0.224,0.000,0.354,0.000,0.000,NULL,NULL,NULL,NULL,NULL,NULL,NULL	AGGGGTGGGAGCCCTCACAGGCAAGGGGGC
ENST00000602676	794	824	0.699516189058	0.000,0.000,0.000,0.000,0.000,0.381,NULL,NULL,NULL,NULL,NULL,NULL,NULL,NULL,NULL,NULL,NULL,NULL,NULL,NULL,NULL,0.328,0.000,0.000,0.381,0.000,0.233,0.364,1.000,0.000	CTGGGGCCACCCCTTGTCAGCCGGGTGGGT
ENST00000617714	621	651	0.663291203492	0.409,0.000,0.000,0.199,0.434,0.000,0.469,0.000,0.000,1.000,0.000,0.754,0.000,0.000,0.000,0.165,0.000,0.000,0.391,0.082,0.000,0.378,0.159,0.000,0.000,0.532,0.215,0.872,0.508,0.000	GGGGTCCCGGGGGGAGCAAGCGGAGGAGGT
ENST00000617714	1872	1902	0.62391464312	0.000,0.347,0.229,0.226,0.000,0.000,0.037,0.510,0.442,0.200,0.000,0.000,0.000,0.291,0.276,0.201,0.000,0.122,0.133,0.763,0.000,0.649,0.146,0.000,0.943,0.095,0.000,0.213,0.000,0.066	AGGGCAGGGGCCCGGGCTGGAGAGGAAGGG
ENST00000617714	2040	2070	0.743237739691	0.000,0.000,0.000,0.000,0.000,0.355,0.355,0.000,0.000,0.000,0.000,0.457,0.000,0.203,0.000,0.000,0.000,0.000,0.925,0.588,0.000,0.000,0.000,0.898,0.000,0.000,0.553,0.000,0.723,0.836	AGTGGCTGGGTGTGTGTGGGTGGGATGGGG
ENST00000223061	740	770	0.847718791381	0.000,0.000,0.313,0.000,0.000,0.000,0.000,0.000,0.000,0.000,0.326,0.000,0.000,NULL,NULL,NULL,NULL,NULL,NULL,NULL,NULL,NULL,NULL,NULL,NULL,NULL,NULL,NULL,NULL,NULL	CTGAGCACCAATTTTGCGGGGGGCGGCTGG
ENST00000356674	1150	1180	0.664077270859	0.000,0.192,NULL,0.000,0.566,NULL,NULL,NULL,NULL,NULL,NULL,NULL,NULL,NULL,NULL,NULL,NULL,NULL,NULL,0.462,0.000,0.000,0.000,0.000,0.969,0.515,0.283,0.000,0.000,0.257	GGCAGTGGAGGAAGTGGGGGTTATGGTGGG
ENST00000356674	1139	1169	0.798816837315	0.000,0.000,0.512,0.195,0.000,0.000,0.000,0.000,0.000,0.000,0.000,0.000,0.192,NULL,0.000,0.566,NULL,NULL,NULL,NULL,NULL,NULL,NULL,NULL,NULL,NULL,NULL,NULL,NULL,NULL	ATGGTCCAGGAGGCAGTGGAGGAAGTGGGG
ENST00000356674	960	990	0.69559168925	0.000,0.070,0.606,0.000,0.000,0.000,0.092,0.000,0.000,0.333,0.118,0.070,0.070,0.308,0.000,0.000,0.298,0.153,0.000,0.000,0.000,0.000,0.000,0.252,0.000,0.515,0.531,0.000,0.089,0.185	TGGCAACCAGGGTGGGGGCTACGGAGGTGG
ENST00000356674	920	950	0.566227373919	NULL,0.000,0.000,0.201,0.000,0.192,0.269,0.000,0.000,0.269,0.000,0.120,0.257,0.192,0.498,0.223,0.000,0.000,0.183,0.000,0.378,0.000,0.000,0.073,0.069,0.218,0.145,0.275,0.000,0.109	GAGGAGGAAGAGGAGGATATGGTGGTGGAG
ENST00000356674	754	784	0.685348837209	NULL,NULL,NULL,NULL,NULL,NULL,NULL,NULL,NULL,NULL,0.000,0.000,0.000,0.000,0.000,0.000,0.230,0.000,0.390,0.171,0.000,0.538,0.474,0.000,0.000,0.207,0.000,0.295,0.275,0.000	GGCTTTGGGGATTCACGTGGTGGCGGTGGA
ENST00000312579	787	817	0.67212608767	NULL,NULL,NULL,NULL,NULL,0.372,0.000,0.372,0.000,0.296,0.000,0.340,0.652,0.374,0.000,0.374,0.000,0.000,0.000,0.000,0.000,0.000,1.000,0.000,0.270,1.000,0.000,0.000,0.066,0.975	TGGTGCAGCGCGGCCGCCTCATGCAGGAGG
ENST00000303577	398	428	0.651726437537	NULL,NULL,NULL,0.000,0.293,0.229,0.000,0.000,0.000,0.000,1.000,0.000,0.210,0.000,0.000,1.000,0.000,1.000,0.000,0.551,0.189,0.817,0.062,0.000,0.971,0.000,0.330,0.196,0.287,0.307	AAGAGGATCCGCGAGGAGAGTGGCGCGCGG
ENST00000303577	666	696	0.626974789916	1.000,0.000,0.000,0.000,0.129,0.444,0.010,0.290,0.450,0.000,0.154,0.000,0.000,0.318,0.285,0.000,0.068,0.000,0.000,0.239,0.385,0.000,0.140,0.128,0.000,0.141,0.085,0.125,0.264,0.105	GTACGGGGGCGCAGGTCCAGGTGGCGGGGG
ENST00000368010	117	147	0.774973105886	NULL,NULL,NULL,NULL,NULL,NULL,NULL,NULL,NULL,NULL,NULL,NULL,NULL,NULL,NULL,NULL,NULL,NULL,0.000,0.000,0.000,0.000,1.000,0.283,0.690,0.000,0.000,0.000,0.196,0.000	CAGCGGGAGCGGCGCGGGGAAGGGGGCGGT
ENST00000367879	265	295	0.737699817616	0.000,0.417,0.000,0.000,0.000,0.000,0.000,0.000,0.000,0.000,0.000,0.417,0.000,0.000,0.126,0.000,0.225,0.301,0.325,0.000,0.479,0.000,0.000,0.362,0.000,0.000,0.355,0.000,0.100,0.000	CGTTCGCACAGGCAGCGGGAGGAGGGGCGG
ENST00000367879	284	314	0.701406886338	0.000,0.479,0.000,0.000,0.362,0.000,0.000,0.355,0.000,0.100,0.000,0.000,0.204,0.070,0.306,0.000,0.000,0.000,0.000,0.071,0.000,0.195,0.160,0.000,0.000,0.157,0.088,0.099,0.000,0.055	AGGAGGGGCGGCGCGAACCATGGCCGGGGA
ENST00000368467	904	934	0.788553750967	NULL,NULL,NULL,NULL,NULL,NULL,NULL,NULL,0.000,0.000,0.000,NULL,NULL,0.000,0.829,0.000,0.304,0.000,0.000,0.000,0.000,0.112,0.539,0.000,0.000,0.000,0.000,0.280,0.522,0.000	AGCTGGGGCCTGCTGAGGTGGGGGTGGGGC
ENST00000374077	245	275	0.707545905375	0.000,0.658,0.000,0.000,0.174,0.000,0.000,0.000,0.000,1.000,0.000,0.000,0.324,0.000,0.783,0.000,0.000,0.242,0.000,0.254,0.000,0.160,0.412,0.224,0.000,0.000,0.000,0.253,0.253,0.237	CGGGGTCGAGAGCTGATGGGCGGCATTGGG
ENST00000619580	668	698	0.756019900498	0.000,0.000,0.000,NULL,NULL,NULL,NULL,NULL,NULL,NULL,NULL,NULL,NULL,NULL,NULL,NULL,0.000,0.000,0.413,0.000,NULL,NULL,0.000,0.000,0.333,0.000,0.000,0.333,0.261,0.000	GCCTCTCTGGGCCTGGAGGTGGGGGTGGGG
ENST00000530758	488	518	0.722664329535	0.000,0.923,0.000,0.297,0.000,0.000,0.000,0.000,0.891,0.000,0.698,0.408,0.000,0.730,0.000,0.000,1.000,0.000,0.312,0.000,0.000,0.000,0.446,0.000,0.000,NULL,NULL,NULL,NULL,NULL	TGCCATCTGGGGTGTGGTGTGGTATGTGGG
ENST00000396705	1022	1052	0.659550380074	0.000,0.000,0.000,0.000,0.000,0.000,0.535,0.000,0.254,0.199,0.000,1.000,0.301,0.385,0.268,0.000,1.000,0.973,0.184,0.000,0.372,0.877,0.000,0.000,0.123,1.000,0.661,0.000,0.112,0.000	TCCTTGGCTGAGAGATGGAAGGCGTGGTGG
ENST00000357214	2100	2130	0.709511952191	0.213,0.444,0.134,0.000,0.000,0.000,0.000,0.815,0.000,0.099,0.425,0.000,0.000,0.000,0.358,0.000,0.383,0.000,0.158,0.000,0.000,0.475,0.000,0.000,0.139,0.168,0.000,0.000,0.205,0.000	GGGCAGGGAGGTGCGGGGCCTGTGGGTGGA
ENST00000357214	2088	2118	0.790696996209	0.000,0.000,0.000,0.558,0.000,0.000,0.000,0.000,0.000,0.000,0.000,0.000,0.213,0.444,0.134,0.000,0.000,0.000,0.000,0.815,0.000,0.099,0.425,0.000,0.000,0.000,0.358,0.000,0.383,0.000	ACTGAGCGCTTTGGGCAGGGAGGTGCGGGG
ENST00000357325	1491	1521	0.841562223066	0.000,0.151,0.176,0.000,0.000,0.000,0.000,0.000,0.000,0.000,0.000,0.000,0.162,0.188,0.000,0.000,0.590,0.000,0.000,0.000,0.000,0.000,0.000,0.000,0.127,0.000,0.000,0.000,0.239,1.000	ATGCGGGGTGGGGGCAGCACAGGAGGGCGG
ENST00000357325	1474	1504	0.786943304454	0.324,0.000,0.000,0.000,0.271,0.634,0.108,0.174,0.000,0.000,0.000,0.000,0.193,0.000,0.000,0.000,0.000,0.000,0.151,0.176,0.000,0.000,0.000,0.000,0.000,0.000,0.000,0.000,0.000,0.162	GGAGGGGCAATCCTCAAATGCGGGGTGGGG
ENST00000357325	1451	1481	0.654731950584	0.632,0.000,0.000,0.523,0.000,0.000,0.290,0.000,0.219,0.785,0.000,0.000,0.000,0.767,0.000,0.280,0.468,0.000,0.182,0.262,0.137,0.000,0.000,0.324,0.000,0.000,0.000,0.271,0.634,0.108	GCAGGGTGGGCTTGTGGGGCCTGGGAGGGG
ENST00000261772	3038	3068	0.607888182755	NULL,NULL,NULL,NULL,NULL,NULL,NULL,NULL,NULL,NULL,NULL,NULL,NULL,NULL,0.000,0.000,0.188,0.000,0.229,0.587,0.000,0.000,0.480,0.000,0.281,0.219,0.000,0.445,0.482,0.000	TGTAAAGAACTGAGTGGGGAAGGAGGAGGC
ENST00000261772	1492	1522	0.944444444444	0.000,0.000,0.000,0.000,0.000,0.000,0.000,0.000,0.000,0.000,0.000,0.000,0.202,0.000,0.000,0.000,0.000,0.000,NULL,NULL,NULL,NULL,NULL,NULL,NULL,NULL,NULL,NULL,NULL,NULL	TGAAATCACAGGGCAAGGGAGCTGGTGGGG
ENST00000373316	532	562	0.823087793676	0.000,0.000,0.145,0.000,0.000,0.000,0.000,0.000,0.000,0.000,0.000,0.000,NULL,NULL,NULL,NULL,NULL,NULL,NULL,NULL,0.000,NULL,NULL,NULL,NULL,0.000,0.000,1.000,1.000,1.000	CCGCTTTCATGTGGAGGAAGAAGGGAAGGG
ENST00000373316	858	888	0.620957559847	0.000,0.000,0.000,0.258,0.000,0.899,0.000,1.000,0.168,0.000,1.000,0.114,0.000,0.000,0.147,0.000,0.000,1.000,1.000,0.000,1.000,0.736,0.023,0.843,0.754,0.078,0.000,0.000,0.646,1.000	TCAATGAGATGATTATTGGTGGTGGAATGG
ENST00000373316	1162	1192	0.597091212881	0.484,0.000,0.000,0.637,0.000,0.000,0.000,1.000,0.021,0.698,0.000,0.520,0.409,0.000,0.091,0.092,0.668,0.481,0.000,0.085,0.164,0.000,1.000,0.070,0.397,0.740,0.089,0.298,0.798,0.036	GCAGATTGTGTGGAATGGTCCTGTGGGGGT
ENST00000229390	210	240	0.820249221184	NULL,NULL,NULL,0.000,NULL,NULL,0.000,0.827,0.454,0.000,0.000,0.000,0.000,0.312,0.000,0.000,0.000,0.000,0.297,0.000,0.000,0.000,0.000,0.000,0.000,0.250,NULL,NULL,NULL,NULL	CGGCGAGGGCGACGGGCGCATCTACGTGGG
ENST00000229390	204	234	0.814390536089	NULL,NULL,0.654,NULL,0.000,NULL,NULL,NULL,NULL,0.000,NULL,NULL,0.000,0.827,0.454,0.000,0.000,0.000,0.000,0.312,0.000,0.000,0.000,0.000,0.297,0.000,0.000,0.000,0.000,0.000	GCGCGGCGGCGAGGGCGACGGGCGCATCTA
ENST00000229390	197	227	0.769756500731	NULL,NULL,NULL,NULL,NULL,NULL,NULL,NULL,NULL,0.654,NULL,0.000,NULL,NULL,NULL,NULL,0.000,NULL,NULL,0.000,0.827,0.454,0.000,0.000,0.000,0.000,0.312,0.000,0.000,0.000	CGGACGAGCGCGGCGGCGAGGGCGACGGGC
ENST00000615959	112	142	0.72621888851	0.000,0.708,0.388,0.000,0.000,1.000,0.000,0.309,0.000,0.000,0.000,0.000,0.335,0.500,0.000,0.594,0.000,0.000,0.000,0.000,0.000,0.360,0.000,0.000,0.000,0.414,0.000,0.000,1.000,0.258	CGGCTGCGGTCGGCCGCGCTCGAGGGGTCC
ENST00000248958	752	782	0.57256696729	NULL,NULL,NULL,NULL,NULL,NULL,NULL,NULL,NULL,NULL,NULL,NULL,NULL,0.148,0.000,0.260,0.541,0.541,0.000,0.000,0.591,0.000,0.000,0.536,0.310,0.217,0.000,0.289,0.929,0.008	GGATGGGTGGATGGAGGGTGGCAGGTGGGG
ENST00000318911	502	532	0.618720772364	NULL,NULL,NULL,NULL,NULL,NULL,NULL,NULL,NULL,NULL,NULL,NULL,NULL,NULL,NULL,NULL,0.000,0.000,1.000,0.000,0.000,0.000,0.369,0.493,0.685,0.267,0.342,0.000,0.000,0.632	GAAGCTAAGGAGCTGGCTGCGGAGGTGGAG
ENST00000296417	124	154	0.688697015559	NULL,0.310,0.000,0.310,0.156,0.000,0.000,0.000,0.000,0.000,0.270,0.000,0.000,0.000,0.373,0.116,0.161,0.414,0.000,0.000,0.167,0.000,0.000,0.471,0.000,0.000,0.108,0.000,0.311,0.000	CGCGGTGCGACGAAGGAGTAGGTGGTGGGA
ENST00000321265	116	146	0.613821351908	0.140,0.558,0.224,0.000,0.000,0.000,0.261,0.125,0.000,0.171,0.267,0.023,0.000,0.000,0.334,0.000,0.549,0.000,0.300,0.000,0.000,0.415,0.562,0.194,1.000,1.000,0.000,0.303,1.000,0.183	CGGCGCGATGGGCGGAGAGCAGGAGGAGGA
ENST00000321265	781	811	0.683894312497	0.757,1.000,0.507,0.000,0.256,0.000,0.000,0.000,0.000,0.000,0.000,0.000,0.000,0.000,0.600,0.000,0.000,0.456,0.000,0.214,0.000,0.000,0.763,0.828,0.000,0.668,0.233,0.248,0.333,0.000	GGGAGCTCTACAATGAAGTGAAGGTGGAGG
ENST00000396386	101	131	0.639354297694	0.000,0.000,0.000,0.000,0.122,0.000,0.181,0.117,0.000,0.128,0.131,0.000,0.221,0.124,0.239,0.000,0.088,0.462,0.000,0.000,0.000,0.241,0.112,0.000,0.455,0.366,0.000,0.450,0.538,0.000	ACCCGCGACCCGGAGCAGCTCGGAGGCGGT
ENST00000322611	1133	1163	0.717862838915	0.940,0.000,0.000,1.000,0.000,0.000,0.000,0.000,0.000,0.000,0.000,0.000,0.000,0.989,0.000,0.768,0.000,0.000,0.605,0.281,0.000,0.000,0.000,0.346,0.558,0.000,0.000,0.246,1.000,1.000	GTTGTCCCATCAAGGGAGGGAGGGGGTGGG
ENST00000356493	182	212	0.695638051044	0.000,0.007,0.000,0.304,0.000,0.000,0.103,0.000,0.000,0.617,0.000,0.000,0.149,0.333,0.000,0.090,0.389,0.000,0.000,0.000,0.278,0.562,0.362,0.000,0.389,0.127,0.000,0.000,0.600,0.000	CGTGCCGCAGCAGGAGGCCTGGGTGGTGGA
ENST00000333676	467	497	0.738046057223	0.000,0.000,0.000,0.000,0.000,0.821,0.000,0.000,0.804,0.161,0.000,0.000,0.000,0.000,0.230,0.296,0.000,0.000,0.000,0.204,0.995,0.000,1.000,1.000,0.000,0.654,0.000,0.000,0.000,1.000	TCCCTGCTGCAGCAGCCCAGGAGGCGGTGG
ENST00000333676	891	921	0.739791058534	0.354,0.000,0.000,0.000,0.187,0.226,0.000,0.000,0.000,0.000,0.000,0.000,0.000,0.000,0.000,0.479,0.000,0.000,0.472,0.000,0.878,0.000,0.000,0.314,0.599,0.000,1.000,0.000,1.000,1.000	GCACAGACCTACTGTGGCGGGAGGGAGGGG
ENST00000345046	309	339	0.662728297632	NULL,NULL,NULL,NULL,NULL,0.000,0.000,0.299,0.000,0.573,0.000,0.000,0.000,0.755,1.000,0.000,0.000,0.554,0.000,0.000,1.000,0.000,1.000,0.786,0.000,0.438,0.258,0.433,0.000,0.000	TGTGGGAGAGTTCTGTTGCTGCGGCGGGGC
ENST00000388835	390	420	0.777516859345	0.000,0.968,0.508,0.132,0.616,0.000,0.000,0.000,0.000,1.000,0.000,0.000,0.000,0.000,0.000,0.000,0.081,0.405,0.000,0.000,0.000,1.000,0.000,0.000,0.000,0.000,0.000,0.538,0.288,0.000	GGGGGCCTGGCCACCGGGATAGCCGGGGGT
ENST00000335181	666	696	0.716136352891	NULL,NULL,NULL,NULL,NULL,0.831,0.000,NULL,NULL,NULL,NULL,NULL,NULL,NULL,NULL,NULL,NULL,NULL,0.000,NULL,0.000,0.000,0.000,0.723,0.000,0.000,0.700,0.000,1.000,0.000	AAGGTGCCGACTTCCTGGTGACGGAGGTGG
ENST00000339399	183	213	0.643095178772	NULL,NULL,NULL,NULL,NULL,NULL,NULL,1.000,0.667,0.000,0.000,0.000,0.000,0.000,0.181,0.455,0.000,0.000,0.000,0.000,0.513,0.000,0.000,0.406,0.000,0.367,0.581,0.167,0.761,0.486	GAAGAGGGGAACATGGACATGAAGAGGAGG
ENST00000372813	1485	1515	0.854269293924	0.000,0.000,0.258,0.000,0.000,0.000,0.000,0.000,0.000,0.000,0.000,0.000,0.295,0.000,0.000,0.000,0.000,0.309,NULL,NULL,NULL,NULL,NULL,NULL,NULL,0.762,0.000,0.000,NULL,NULL	AGCTCCTGGGCCGGGGTGGAAGGAGGGGGA
ENST00000557016	1022	1052	0.714790164541	0.240,0.000,0.000,0.000,0.000,0.000,0.000,0.000,0.000,0.000,0.000,0.225,0.000,0.232,0.000,0.000,0.000,0.000,0.000,0.000,0.000,0.168,0.163,0.000,0.205,0.212,0.122,0.000,0.122,0.114	AACCCTTCTTCAAGATGGGGTGGGGGGTGG
ENST00000557016	712	742	0.71013218207	0.000,0.000,0.000,0.000,0.199,0.705,0.000,0.000,0.223,0.000,NULL,NULL,NULL,NULL,NULL,NULL,NULL,NULL,NULL,NULL,NULL,NULL,NULL,NULL,NULL,NULL,NULL,NULL,1.000,1.000	TGTTGGAAGCACTGGGGGGGTTGGGGTGGG
ENST00000249289	62	92	0.833333333333	0.000,0.000,0.000,1.000,0.000,0.000,0.000,0.000,0.000,0.000,0.000,1.000,NULL,NULL,NULL,NULL,NULL,NULL,NULL,NULL,NULL,NULL,NULL,NULL,NULL,NULL,NULL,NULL,NULL,NULL	TCTGCCCGGCTGCAGGGATGGCGGGGAGGG
ENST00000394440	949	979	0.648751602927	0.000,0.105,0.354,0.000,0.000,0.443,0.000,0.000,0.000,0.744,0.000,0.141,0.035,0.390,0.000,0.058,0.301,0.296,0.000,0.404,0.000,0.000,0.000,0.074,0.171,0.411,0.000,0.071,0.142,0.279	TTGATGACTGTGAGTTGGTGGAAGGGCTGG
ENST00000300026	736	766	0.672480620155	0.042,0.062,1.000,0.160,0.882,0.588,0.277,0.000,0.000,0.000,0.060,0.147,0.044,0.191,0.116,0.075,0.000,0.000,0.000,0.167,0.000,0.399,0.220,0.000,0.000,0.539,0.194,0.000,0.000,0.169	TAGAGGGCATGGAGGTGGTGCGGAAGGTGG
ENST00000357037	2223	2253	0.753649635036	NULL,NULL,NULL,NULL,NULL,NULL,NULL,NULL,NULL,NULL,NULL,0.000,NULL,NULL,NULL,0.000,0.000,0.000,0.000,0.592,0.000,0.000,0.000,0.000,0.000,0.640,0.000,0.617,0.000,0.617	GAGGGGTGGGGAACGACATGCATGTGAGGG
ENST00000372715	1660	1690	0.527209091175	0.792,0.000,1.000,0.667,0.000,0.310,0.000,0.000,0.000,0.000,0.979,0.000,1.000,0.815,0.241,0.287,0.206,0.000,0.287,0.255,0.939,0.525,0.400,0.000,1.000,0.567,0.235,0.000,0.369,0.507	GTGGCGGCCTGAGGGGTCCCGGGAGGCGGG
ENST00000343262	86	116	0.766209317167	0.116,0.000,0.000,0.000,0.718,0.209,0.000,1.000,1.000,0.000,0.000,0.279,0.000,0.949,0.523,0.000,0.000,0.000,0.000,0.000,0.000,0.000,0.000,0.000,0.474,0.000,0.000,0.000,0.000,1.000	GCCCGGGGGCCCTGGTGGCCCTGGGATGGG
ENST00000593829	580	610	0.72107917297	0.000,0.000,0.000,0.000,0.000,0.000,0.000,0.000,0.000,0.000,0.241,0.141,0.000,0.345,0.123,0.000,0.000,0.000,0.000,0.000,0.177,0.177,0.000,0.181,0.126,0.534,0.814,0.185,0.181,0.080	AGGTGTGTTTGGTGGCCGGGGCCGAGGTGG
ENST00000348956	1324	1354	0.691204609698	0.178,0.000,0.000,0.000,0.527,0.000,0.593,0.000,0.462,0.750,0.000,0.000,0.000,0.000,0.297,0.838,0.000,0.000,0.042,0.000,0.437,0.453,0.000,0.823,0.183,0.000,0.000,0.000,0.000,0.549	GGCGGTGTGGACACGGCTGCGGTGGGCGGG
ENST00000348956	303	333	0.804984583762	0.183,0.000,0.000,0.000,0.000,0.000,0.149,0.000,0.000,0.224,0.000,0.000,0.000,0.000,NULL,NULL,NULL,NULL,NULL,NULL,NULL,NULL,NULL,NULL,NULL,NULL,NULL,NULL,NULL,NULL	GCTGCCGACGGACGGAGCGCCCCCGCCCCC
ENST00000326739	988	1018	0.698137509856	NULL,0.271,0.000,0.000,0.000,0.925,1.000,0.000,0.000,0.000,0.000,0.000,0.000,0.000,0.538,0.217,0.478,0.434,0.147,0.000,0.000,0.226,0.000,0.000,0.000,0.201,0.693,0.911,1.000,0.000	GGTGTGGATGCCCTGCGGGTGGGCATGGGA
ENST00000451315	91	121	0.743225208526	0.000,0.168,0.000,0.670,0.126,0.244,0.000,0.000,0.000,0.310,0.334,0.000,0.000,0.347,0.000,0.000,0.000,0.000,0.000,0.091,0.000,0.514,1.000,0.000,0.000,1.000,0.000,0.031,0.560,0.000	CGAGGGCCAGCTGGCCTCGGAGGAGGAGGA
ENST00000304312	55	85	0.730464759959	NULL,NULL,NULL,NULL,NULL,NULL,0.000,0.207,0.314,0.000,0.000,0.000,0.000,0.000,0.000,0.000,0.000,0.100,0.245,0.000,0.176,0.064,0.000,0.083,0.038,0.000,0.000,0.000,0.450,0.281	GCAGGTTGTGCTTCCGGTGCGGAGGTCAGG
ENST00000234111	178	208	0.832410154962	0.000,0.000,0.000,0.299,0.000,0.000,0.000,0.000,0.000,0.000,0.059,0.000,0.169,0.000,0.000,0.146,0.000,0.000,0.084,0.000,0.000,0.175,0.000,0.000,0.000,0.000,0.000,0.079,0.000,0.000	TCAGTCCCTCCTGTAGCCGCCGCCGCCGCC
ENST00000245206	1486	1516	0.799335806606	NULL,NULL,NULL,NULL,NULL,NULL,NULL,NULL,NULL,NULL,NULL,NULL,NULL,NULL,1.000,0.000,0.000,0.000,0.000,0.253,0.000,0.448,0.000,0.000,0.000,0.000,0.000,0.191,0.000,0.197	CACAGACAATGAGAGAGGGTGGATGGTGGT
ENST00000316448	1251	1281	0.800373252357	0.267,0.000,0.000,0.000,0.235,0.000,0.000,0.000,0.000,0.371,0.776,0.000,0.000,0.000,0.000,0.854,0.000,0.000,NULL,0.000,0.371,NULL,0.000,0.000,NULL,NULL,NULL,NULL,NULL,NULL	GGATGAGGAGGATGAGGAGGACAAGGAGGA
ENST00000316448	1260	1290	0.752432222078	0.371,0.776,0.000,0.000,0.000,0.000,0.854,0.000,0.000,NULL,0.000,0.371,NULL,0.000,0.000,NULL,NULL,NULL,NULL,NULL,NULL,NULL,NULL,NULL,NULL,NULL,NULL,NULL,NULL,NULL	GGATGAGGAGGACAAGGAGGAAGATGAGGA
ENST00000397375	825	855	0.804673884341	0.267,0.780,0.000,0.000,0.000,0.000,0.000,0.000,0.000,0.000,0.000,0.000,0.000,0.326,0.938,0.000,0.000,0.000,0.000,0.312,0.000,0.000,0.572,0.333,0.000,0.000,0.259,0.000,0.000,0.000	GGGTCTGCATCTTAGGGGGGAGGGCTGGGG
ENST00000261622	4454	4484	0.789838721342	0.000,0.000,0.000,0.999,0.000,0.000,0.000,0.000,0.000,0.451,0.000,0.481,0.414,0.336,0.000,0.000,0.000,0.000,0.429,0.000,0.000,0.000,0.000,0.499,0.000,0.000,0.000,0.000,1.000,0.000	CCTGTTACACTGGGCTGGGTTGGGTAGGGT
ENST00000261622	2142	2172	0.863403528742	0.000,0.000,0.000,0.000,0.000,0.546,0.458,0.000,0.000,0.000,0.000,0.000,0.000,0.000,NULL,NULL,NULL,NULL,NULL,NULL,NULL,NULL,NULL,NULL,NULL,NULL,NULL,NULL,NULL,NULL	CCGTAGGGTGGCACTGGGAGGGGGTGGGGG
ENST00000261622	106	136	0.565832850162	0.000,0.597,0.504,0.000,0.308,0.000,0.000,0.000,1.000,0.000,0.000,0.798,0.411,0.000,0.000,0.000,0.552,0.766,0.000,0.000,0.892,0.000,1.000,1.000,0.000,1.000,0.318,0.927,1.000,1.000	CGGCGGCCGAGGAGAAGGAAGAGGCGCGGG
ENST00000309311	2894	2924	0.550574961249	0.000,0.000,0.000,0.000,0.184,0.359,0.461,0.124,0.000,0.249,0.819,0.000,0.000,0.233,0.010,0.010,0.505,0.093,0.451,1.000,0.181,0.453,0.601,0.000,0.626,0.442,0.276,0.310,0.860,1.000	TAATGGGCCGGTCGGGGAGGGGGAGGCGGG
ENST00000166345	2078	2108	0.676715919924	0.000,0.000,0.000,0.187,0.000,0.000,0.000,0.000,0.143,0.476,0.000,NULL,0.000,0.250,NULL,NULL,NULL,NULL,NULL,1.000,0.000,0.208,0.491,0.151,0.000,0.343,0.582,0.127,0.000,0.238	AATGCACACATTACTCCAGGTGGAAGGTGG
ENST00000388968	1950	1980	0.672918978912	0.000,0.212,0.154,0.000,0.000,0.272,0.000,0.000,0.000,0.458,0.079,0.955,0.117,0.269,0.000,0.137,0.000,0.619,0.000,0.000,0.079,0.404,0.000,0.154,0.000,0.000,0.168,0.000,0.208,0.220	GGGTGGAATGGGAGGTGGTATGGGAGGTGG
ENST00000388968	1936	1966	0.735148888051	NULL,NULL,NULL,NULL,NULL,NULL,NULL,NULL,NULL,NULL,0.000,0.000,0.000,0.000,0.000,0.212,0.154,0.000,0.000,0.272,0.000,0.000,0.000,0.458,0.079,0.955,0.117,0.269,0.000,0.137	GGAATGGGTGCAATGGGTGGAATGGGAGGT
ENST00000398606	319	349	0.670863482875	0.331,0.000,0.000,0.000,0.386,0.241,0.316,0.000,0.000,0.000,0.865,0.000,0.000,0.504,0.000,0.398,0.586,0.000,0.000,0.000,0.166,0.000,0.896,0.887,0.341,0.833,0.000,0.000,0.000,0.160	ATCAGGGCCAGAGCTGGAAGGAGGAGGTGG
ENST00000304494	236	266	0.703124618577	0.000,0.202,0.167,0.172,0.301,0.045,0.000,0.000,0.000,0.003,0.000,0.000,0.627,0.108,0.000,0.000,0.039,0.000,0.146,0.000,0.313,0.000,0.139,0.069,0.166,0.000,0.000,0.234,0.000,0.000	AGGGGGAGAGCAGGCAGCGGGCGGCGGGGA
ENST00000368097	1499	1529	0.521337491973	1.000,0.689,0.125,0.077,0.000,0.679,0.269,0.405,0.848,0.000,0.158,0.000,0.205,0.000,0.614,0.574,0.434,0.000,1.000,1.000,0.000,1.000,0.309,0.279,0.243,0.205,0.000,0.000,0.330,0.458	GGGGTGGGGTGAGGGGATGGAGAGGGAGGG
ENST00000257857	263	293	0.933333333333	0.000,0.000,0.000,0.000,0.198,0.000,0.000,0.000,0.000,0.000,0.000,0.000,0.000,0.000,0.000,NULL,NULL,NULL,NULL,NULL,NULL,NULL,NULL,NULL,NULL,NULL,NULL,NULL,NULL,NULL	CCCAGGCCCGGCAGCCATGGCGGTGGAAGG
ENST00000259457	560	590	0.717784407835	1.000,0.000,NULL,NULL,NULL,NULL,0.000,0.101,0.000,0.000,0.000,0.000,0.000,0.202,0.000,0.392,0.000,0.000,0.000,0.000,0.123,0.423,0.000,1.000,0.781,0.000,0.406,0.794,0.000,0.708	GATAAGTTTAGGCCAGACATGGAGGAGGAG
ENST00000252593	923	953	0.700519132546	0.000,0.366,0.000,0.000,0.823,0.071,0.000,0.000,0.000,0.171,0.356,0.000,0.000,0.000,0.000,0.000,0.000,0.000,0.000,0.000,0.976,0.369,0.119,0.145,0.000,1.000,0.566,1.000,1.000,1.000	TGTTGTTATGGGTTTTTTTTGCGGGGGGGG
ENST00000252593	784	814	0.723498723499	0.300,0.000,0.078,0.151,0.000,0.000,0.000,0.000,0.000,0.151,0.266,0.000,0.090,0.000,0.000,0.559,1.000,1.000,0.006,0.000,0.000,0.000,0.000,0.643,0.000,0.000,0.478,0.778,0.409,0.097	GAAGTCCTGGGTGTGGGGACACAGTCGGGT
ENST00000252593	772	802	0.71638861629	0.000,0.860,0.796,0.229,0.000,0.000,0.078,0.145,0.000,0.370,0.041,0.000,0.300,0.000,0.078,0.151,0.000,0.000,0.000,0.000,0.000,0.151,0.266,0.000,0.090,0.000,0.000,0.559,1.000,1.000	AGGGGCCATGGGGAAGTCCTGGGTGTGGGG
ENST00000262947	833	863	0.716766467066	0.409,0.000,0.750,0.000,0.000,0.204,0.000,0.000,0.182,0.000,0.545,0.000,0.000,0.000,0.250,0.142,0.000,0.029,0.164,0.000,0.000,0.000,0.000,0.176,0.000,0.000,0.081,0.150,0.694,0.399	AGGGTGGGGAACATGGGGGCTATGCTGGGG
ENST00000450554	2617	2647	0.8159	0.000,0.210,0.000,0.000,0.000,0.000,0.000,0.000,0.000,NULL,0.259,0.000,NULL,0.000,NULL,NULL,NULL,0.000,NULL,NULL,NULL,0.000,0.305,0.000,0.000,0.000,NULL,NULL,0.226,0.000	AGACACAGAGGGAAGGGGTTGGGATGGGGA
ENST00000450554	2640	2670	0.806539420176	0.000,0.000,0.000,NULL,NULL,0.226,0.000,0.218,0.000,0.000,0.241,0.000,0.000,0.000,0.000,0.000,0.218,0.000,0.254,0.000,0.000,0.000,0.277,0.000,0.000,0.000,0.000,0.744,0.000,0.000	ATGGGGACAGGGTGCACAGCAGGGCGGGGT
ENST00000360270	803	833	0.62937467611	0.000,0.851,0.000,0.000,0.000,0.331,1.000,0.000,0.303,0.000,0.000,0.560,0.291,0.248,0.000,0.000,0.272,0.331,0.189,0.303,0.000,0.000,NULL,NULL,1.000,0.000,0.591,0.000,1.000,1.000	AGAAAGGCTCAGAGCTGTGGCTGGGGGTGG
ENST00000302182	326	356	0.584542215766	0.000,0.081,0.000,0.925,0.000,0.516,0.000,0.145,0.000,0.000,0.061,0.340,0.000,0.652,0.887,1.000,0.068,0.480,0.388,0.000,0.075,0.680,0.123,1.000,0.681,0.013,0.047,0.572,0.719,0.184	TTTGTGTCCCTGTGGGTGGACGTGGTTGGT
ENST00000424390	193	223	0.721567551083	0.092,0.000,0.712,0.000,0.000,0.000,0.000,0.158,0.295,0.000,0.000,0.000,0.178,0.000,0.231,0.000,0.000,0.305,0.731,0.104,0.000,0.000,0.928,0.000,0.287,0.685,0.000,0.724,0.035,0.000	GAGAATCGCTTGAGCCCGGGAGGTGGAGGT
ENST00000348035	1453	1483	0.713718588051	0.000,0.000,0.000,1.000,0.000,0.000,NULL,NULL,0.790,0.000,0.000,0.790,0.000,0.229,0.300,NULL,NULL,NULL,NULL,NULL,NULL,NULL,NULL,0.000,0.300,NULL,NULL,NULL,NULL,NULL	TCTGTTTAGCTGTGGGTGTGCCGGGTGGGG
ENST00000332598	1228	1258	0.617674686517	1.000,0.269,0.000,0.280,0.292,1.000,0.000,0.913,0.000,0.432,0.000,0.269,0.280,0.000,0.544,0.000,0.239,0.000,0.250,0.000,0.000,0.000,0.000,0.722,0.352,0.083,0.000,0.250,0.000,0.348	GGTGTGTGTGAGTTGAGGGTGGGTGGAGGG
ENST00000332598	1242	1272	0.637958980113	0.544,0.000,0.239,0.000,0.250,0.000,0.000,0.000,0.000,0.722,0.352,0.083,0.000,0.250,0.000,0.348,0.092,0.000,0.000,0.000,0.500,0.000,0.000,0.662,0.000,0.379,0.176,0.174,0.130,0.446	GAGGGTGGGTGGAGGGGTTTGCAGTGTGGG
ENST00000505490	209	239	0.593111180103	0.000,1.000,0.000,0.000,0.000,0.388,0.000,0.800,0.615,0.000,1.000,0.000,1.000,0.474,0.000,0.000,0.558,0.289,0.000,0.000,0.548,0.157,0.014,0.843,0.136,0.481,0.641,0.131,0.000,0.588	CGCCCGCGGCGCGGCCGGCGGAGGCGGCAG
ENST00000001008	1422	1452	0.748239672951	0.000,0.000,0.000,0.000,0.000,0.000,0.291,0.000,0.000,0.000,0.263,0.000,0.000,0.000,0.323,0.263,0.000,0.000,0.253,1.000,0.000,0.000,0.586,0.000,0.219,1.000,0.000,0.846,0.419,0.000	CAATATGTTTGAGAGGCTGGCTGAGGAGGA
ENST00000001008	1712	1742	0.71762962963	NULL,NULL,NULL,NULL,NULL,NULL,NULL,NULL,NULL,NULL,NULL,NULL,NULL,0.000,0.000,0.174,0.683,0.000,0.017,0.224,0.000,0.000,1.000,0.208,0.732,0.000,0.000,0.000,0.047,0.290	GAAAGGTGTAGGCTGGGGGATTGAGGTGGG
ENST00000264552	936	966	0.706615330767	0.000,0.000,0.000,0.994,0.528,0.000,0.000,0.000,0.000,0.000,0.442,0.219,0.000,0.213,0.000,0.000,0.000,0.000,0.000,0.265,0.168,0.000,0.000,0.000,0.492,0.492,0.147,0.679,0.843,0.232	TATGGCTGGGGTCGGGGAGGGTACAGGGGG
ENST00000264552	133	163	0.683461349529	0.917,0.473,0.000,0.000,1.000,0.000,0.000,0.000,0.000,0.000,NULL,NULL,0.055,0.000,0.000,0.605,0.000,0.363,0.874,0.000,0.265,0.560,0.251,0.000,0.000,0.244,0.287,0.000,0.000,0.504	GACCGAAGAACGCAGGAAGGGGGCCGGGGG
ENST00000254810	1466	1496	0.772381407195	NULL,NULL,0.000,0.000,0.000,0.000,0.000,0.000,NULL,NULL,NULL,NULL,NULL,NULL,NULL,NULL,0.562,0.000,0.000,0.227,0.000,0.000,0.488,0.000,0.519,1.000,0.000,0.000,0.345,0.000	TGTATTATAAAAACTTGGTGTGGGGGAGGA
ENST00000307365	45	75	0.631138392857	NULL,NULL,0.000,0.000,0.000,0.000,0.400,0.000,0.000,0.512,0.237,0.000,0.000,0.000,0.000,0.051,0.749,1.000,0.180,0.304,0.542,0.200,0.000,0.529,1.000,0.400,0.000,0.000,0.586,0.606	GGTCTGGGCGGCTCTCGGTGGTTGGCACGG
ENST00000307365	1283	1313	0.710267132045	0.000,0.000,0.558,0.000,0.000,0.289,0.000,0.000,NULL,NULL,NULL,NULL,NULL,NULL,NULL,NULL,NULL,NULL,NULL,0.000,0.627,0.673,0.000,0.000,0.000,0.277,0.000,0.000,0.237,0.385	CAGAGCAGCCGGAGGGAGGGGGGAGGTCGG
ENST00000307365	1296	1326	0.672558040221	NULL,NULL,NULL,NULL,NULL,NULL,0.000,0.627,0.673,0.000,0.000,0.000,0.277,0.000,0.000,0.237,0.385,0.000,0.000,0.587,0.000,0.000,0.602,0.000,0.431,0.211,0.000,0.158,0.105,0.000	GGGAGGGGGGAGGTCGGAGGTCGTGGAGGT
ENST00000225972	1392	1422	0.741257995736	0.000,0.000,0.000,0.405,0.000,0.229,0.000,0.000,0.000,0.000,0.371,0.675,0.000,1.000,NULL,NULL,NULL,NULL,NULL,NULL,NULL,NULL,NULL,NULL,NULL,NULL,NULL,NULL,NULL,NULL	CATGCCTAAAGGAGTAGGCTTGGGGGTGGG
ENST00000225972	1009	1039	0.707335640138	0.000,0.292,0.000,0.028,0.000,0.000,0.388,0.000,0.000,0.137,0.077,0.270,0.162,0.000,0.000,0.291,0.827,0.000,0.000,0.093,0.000,0.000,0.000,0.174,0.000,0.000,0.347,0.334,0.818,0.097	TGTGGCGGGAGGGCTGGTTGCTTGTCGGGT
ENST00000225972	996	1026	0.733122171946	0.000,0.791,0.000,0.000,0.355,0.000,0.000,0.000,0.000,0.000,0.000,0.569,0.233,0.000,0.292,0.000,0.028,0.000,0.000,0.388,0.000,0.000,0.137,0.077,0.270,0.162,0.000,0.000,0.291,0.827	TGCTGCTATTTGGTGTGGCGGGAGGGCTGG
ENST00000333503	512	542	0.627798565638	0.000,0.707,0.000,0.284,0.000,0.102,0.000,0.282,0.061,0.000,0.128,0.183,0.573,0.000,0.056,0.084,0.071,0.000,0.172,0.238,0.151,0.082,0.396,0.053,0.292,0.000,0.000,0.000,0.361,0.000	GGAGCCCGACGTGCGCGCGGTGGTGGTGGG
ENST00000234875	675	705	0.627559808612	0.700,0.881,0.623,0.000,0.250,0.282,0.000,0.000,0.041,0.123,0.000,0.229,0.129,0.000,0.217,0.000,0.000,0.457,0.217,0.000,0.265,0.136,0.306,0.117,0.000,0.000,0.129,0.168,0.000,1.000	GGGAGGCAGATGCGGGTGTGGAGGTGTGGG
ENST00000481445	320	350	0.64594613724	0.554,0.088,0.000,0.351,0.612,0.000,0.000,0.555,0.047,0.654,0.000,0.000,0.000,0.000,0.000,0.015,0.000,0.046,0.061,0.032,1.000,1.000,0.295,0.050,0.031,1.000,1.000,0.028,1.000,1.000	GTTGGCAGAGTTACCCCAAAGGAATGGAGG
ENST00000451311	442	472	0.630658236057	0.000,0.000,1.000,0.000,0.000,0.172,0.000,0.000,0.789,0.640,0.000,0.000,0.616,0.143,0.000,0.000,0.531,0.000,0.000,0.263,0.000,0.228,0.472,1.000,0.169,0.365,0.152,0.462,1.000,0.222	AAGAAGTGGGGTGGAAGAAGTGGGGTGGGA
ENST00000258424	165	195	0.67947454844	0.000,0.000,0.487,0.000,0.000,0.000,0.000,0.016,0.000,0.000,0.202,0.806,0.000,0.239,0.000,0.000,0.211,0.164,0.481,0.072,0.000,0.000,0.072,0.121,0.000,0.575,0.225,0.179,0.183,0.433	ATGAAGAGCAGGCGACTGGGTTGGAGAGGG
ENST00000336458	329	359	0.709731859848	0.000,0.788,0.000,0.000,0.000,0.097,0.233,0.100,0.000,0.000,0.000,0.000,0.233,0.097,1.000,0.000,0.861,0.000,1.000,0.000,0.124,0.402,0.000,0.000,0.000,0.878,0.969,1.000,0.000,0.000	CGGTTGGGCTCGCGGCGAGCGGACGGGGTC
ENST00000304921	304	334	0.687312894882	0.000,1.000,0.000,0.000,0.000,0.000,1.000,1.000,0.428,0.000,0.484,0.000,0.000,0.126,0.000,0.220,0.831,0.000,0.000,0.000,0.481,0.000,0.359,1.000,0.000,0.188,0.592,0.152,0.000,0.000	AGCTAAGGAAATTGAAGTTGGTGGTGGTCG
ENST00000546500	1310	1340	0.816095890411	0.000,0.000,0.233,0.000,0.000,0.000,0.000,0.243,0.254,0.000,0.000,0.000,0.000,0.000,0.000,NULL,NULL,0.000,NULL,NULL,NULL,NULL,NULL,NULL,NULL,NULL,NULL,NULL,NULL,NULL	TGGTGGTGGTGGATATGGTGGCAGTGGGGA
ENST00000366922	3253	3283	0.545964125561	NULL,NULL,NULL,NULL,NULL,NULL,NULL,NULL,NULL,NULL,0.000,0.372,0.000,0.238,0.408,0.000,0.000,0.000,0.342,0.000,0.522,0.132,0.000,0.342,0.400,0.000,0.000,0.297,0.384,0.577	TGAGTGGATGAGTAAATGGTGGAGGATGGG
ENST00000507754	738	768	0.886940899517	0.000,0.000,0.000,0.000,0.000,0.000,0.000,0.000,0.336,0.817,0.000,0.000,NULL,0.000,0.000,NULL,NULL,NULL,NULL,NULL,NULL,NULL,NULL,NULL,NULL,NULL,NULL,NULL,NULL,NULL	GATGCTTCGGGAGAACCTGGAGGAGGAGGC
ENST00000216146	364	394	0.63917640512	0.447,0.000,0.000,0.000,0.000,0.000,0.000,1.000,0.303,0.000,0.473,0.000,0.000,0.000,0.000,0.000,0.234,0.000,0.000,0.668,0.410,0.000,0.226,0.163,0.258,0.531,0.158,0.258,0.463,0.398	GATCCAAGGTGAACAAGAAGGAGGTGGTGG
ENST00000313511	705	735	0.620499847099	0.000,0.000,0.332,0.418,0.000,0.000,0.477,0.281,0.000,0.000,0.758,0.501,NULL,NULL,NULL,NULL,NULL,NULL,NULL,NULL,NULL,NULL,NULL,NULL,NULL,NULL,NULL,NULL,NULL,0.000	CCAGGACTCTGAGATGGTGGAACTGGTGGA
ENST00000340384	1449	1479	0.600284728503	0.000,0.399,0.000,0.407,0.000,0.000,0.000,0.017,0.000,1.000,0.420,0.000,0.000,0.596,0.154,0.249,0.214,0.000,0.283,1.000,0.000,0.837,1.000,0.000,0.640,0.842,0.212,1.000,0.681,0.000	CGAGTTCGAGGAGGAGGCTGAGGAGGAGGT
ENST00000264639	295	325	0.726612244898	0.000,0.000,0.196,0.000,0.211,0.000,0.000,0.211,0.203,0.000,0.000,0.000,0.190,0.000,0.000,0.000,0.118,0.000,0.000,0.000,0.000,0.000,1.000,0.219,0.604,0.259,1.000,0.000,0.387,0.302	CAGCGACGGGTGGCGGGTCGACGGGGGAGG
ENST00000324460	2361	2391	0.787199296527	NULL,0.000,0.000,1.000,0.000,0.000,1.000,0.000,0.000,0.000,0.000,0.472,0.499,0.000,0.000,0.000,0.000,0.000,0.000,0.000,0.000,0.000,0.000,0.000,0.000,1.000,0.000,0.213,0.479,0.827	GAAGAAGAATTGGCCATCTTAAAAAGCGGG
ENST00000324460	2333	2363	0.790129296752	0.000,0.000,0.639,0.000,0.000,0.000,0.000,0.196,0.319,0.000,0.205,0.000,0.000,NULL,NULL,NULL,NULL,NULL,NULL,NULL,NULL,NULL,NULL,NULL,NULL,NULL,NULL,NULL,NULL,0.000	TTGCTCACATGTCTTTGGGTGGGGGGGAGA
ENST00000324460	824	854	0.807188224619	0.000,0.000,0.000,0.000,0.000,0.000,0.000,0.202,0.176,0.000,0.000,0.000,0.272,0.767,NULL,NULL,NULL,NULL,NULL,NULL,NULL,NULL,NULL,NULL,NULL,NULL,NULL,NULL,NULL,NULL	TGCTTATGGCCTGGATAAGAGGGAGGGGGA
ENST00000253452	28	58	0.790797658251	NULL,NULL,NULL,NULL,NULL,NULL,NULL,NULL,NULL,NULL,NULL,NULL,NULL,NULL,NULL,0.000,0.000,0.533,0.000,0.000,0.000,NULL,NULL,NULL,0.085,0.000,0.153,0.000,0.140,0.000	CACCGGGTGTAGAGGGCGGTCGCGGCGGGC
ENST00000462138	1956	1986	0.656668365613	0.000,0.000,0.000,0.000,0.556,1.000,0.253,0.000,0.000,0.372,0.326,0.000,0.000,0.000,0.936,0.000,0.000,0.601,0.000,1.000,0.000,0.000,0.000,0.720,0.294,0.000,0.588,0.179,0.441,0.582	CCTAGGGCGGGTATGAAGTGTGGGGCGGGG
ENST00000356661	1153	1183	0.791200065155	NULL,NULL,NULL,NULL,0.000,0.464,0.000,0.261,1.000,0.000,0.000,0.000,0.210,0.000,0.000,0.000,0.000,0.000,1.000,0.000,0.000,0.227,0.139,0.000,0.000,0.000,0.000,0.358,0.119,0.000	GAGTTGCAGCCAAGGCCAGTGGGAGGGGGA
ENST00000356661	871	901	0.556656719077	NULL,NULL,NULL,NULL,NULL,NULL,NULL,NULL,0.000,0.000,0.593,0.406,0.000,0.407,0.314,0.000,0.432,0.098,0.000,0.442,0.353,0.000,0.000,0.167,0.000,0.232,0.000,0.290,0.106,0.242	TGAGTGTGATGGAGGTGTATGATGGGAGGG
ENST00000297991	1291	1321	0.836394202899	0.000,0.000,0.669,0.322,0.669,0.000,0.544,0.000,0.000,0.000,0.000,0.000,0.000,0.280,0.000,0.000,0.000,0.000,0.000,0.000,0.391,0.000,0.000,0.000,0.000,0.000,0.000,0.000,0.000,0.000	GGGGGGGTTCCCAGATATTCAGGGCAAGGG
ENST00000544301	904	934	0.779473845213	0.000,0.000,0.000,0.000,0.109,0.000,0.000,0.753,0.000,0.113,0.000,0.000,0.116,0.803,0.000,0.000,0.042,0.157,0.000,0.157,0.000,0.000,0.211,0.000,0.016,0.000,0.081,0.439,0.272,0.000	AACCAACGACAAAGCCCGCGTCGAGGTGGA
ENST00000291442	884	914	0.850163934426	0.000,0.279,0.000,0.000,0.000,0.000,0.000,0.172,0.000,0.000,0.000,0.289,0.000,0.000,0.000,0.342,0.000,0.000,NULL,0.000,NULL,1.000,0.000,0.000,NULL,NULL,NULL,0.000,0.000,0.114	CTGCGTGGTGTGCGGGGACAAGTCGAGCGG
ENST00000291442	871	901	0.779718743133	0.000,0.000,0.000,0.000,0.000,0.000,0.000,0.221,0.410,0.000,0.865,0.228,0.228,0.000,0.279,0.000,0.000,0.000,0.000,0.000,0.172,0.000,0.000,0.000,0.289,0.000,0.000,0.000,0.342,0.000	GGCTGCAGGTGGACTGCGTGGTGTGCGGGG
ENST00000382361	2122	2152	0.790631708065	0.000,0.000,0.000,0.000,0.427,0.000,1.000,0.435,0.368,0.381,0.000,0.000,0.000,0.000,0.000,0.000,0.000,0.232,0.356,0.998,0.000,0.151,0.000,0.000,0.000,0.000,0.000,0.000,0.000,0.000	CCTTGTGGTGTTTTTTTGGGTGGTGGCTGG
ENST00000370321	570	600	0.657803592557	1.000,1.000,0.069,0.203,0.091,0.000,0.000,0.064,0.394,0.056,0.000,0.421,0.345,0.115,0.000,0.128,0.000,0.069,0.063,0.000,0.444,1.000,0.068,0.042,0.097,0.312,0.000,0.145,0.072,0.000	GGTGCCCTGAAGGGAGCTGTGGATGGAGGC
ENST00000295666	291	321	0.627772365644	0.223,0.000,0.338,0.155,0.551,0.000,0.354,0.000,0.000,0.795,0.000,0.466,0.116,0.000,0.664,0.065,0.000,0.000,1.000,0.101,0.549,0.030,0.000,0.122,0.321,0.000,0.000,1.000,0.362,1.000	GTGCGTGAAGAGCCGCAAGAGGCGGAAGGG
