ENST00000253023	1202	1232	0.78295651473	NULL,0.297,0.000,0.310,0.000,0.000,NULL,NULL,0.889,0.238,0.000,0.000,0.000,0.556,0.000,0.000,0.048,0.000,0.000,0.000,0.000,0.000,0.000,0.000,0.159,0.000,0.000,0.000,0.683,0.496	GGGTAGGGGTTTGGGGGGCGGCCGGTGGGG
ENST00000580018	187	217	0.792493917896	0.000,0.000,0.203,0.000,0.296,0.568,0.000,0.000,0.263,0.000,0.608,0.861,0.000,0.000,0.000,0.000,0.000,0.000,0.000,0.000,0.000,NULL,NULL,NULL,NULL,NULL,NULL,NULL,NULL,NULL	CGGGGGAAGCGGCAACAAAACCACAGGGGG
ENST00000225972	1392	1422	0.757136738409	0.000,0.000,0.000,0.000,0.000,0.000,0.000,0.000,0.000,0.000,0.166,0.531,0.000,0.409,0.199,0.000,0.000,0.000,0.000,0.000,0.320,0.531,0.311,0.000,0.000,0.331,0.000,0.000,0.000,0.315	CATGCCTAAAGGAGTAGGCTTGGGGGTGGG
ENST00000225972	1009	1039	0.733953781135	0.000,0.000,0.000,0.377,0.155,0.000,0.024,0.000,0.500,0.000,0.000,0.000,0.000,0.000,0.000,0.089,0.673,0.000,0.000,0.398,0.080,0.119,0.079,0.654,0.000,0.000,0.138,0.189,0.232,0.000	TGTGGCGGGAGGGCTGGTTGCTTGTCGGGT
ENST00000225972	996	1026	0.761793103448	0.000,0.495,0.000,0.402,0.500,0.000,0.000,0.000,0.000,0.000,0.000,0.055,0.355,0.000,0.000,0.000,0.377,0.155,0.000,0.024,0.000,0.500,0.000,0.000,0.000,0.000,0.000,0.000,0.089,0.673	TGCTGCTATTTGGTGTGGCGGGAGGGCTGG
ENST00000350669	646	676	0.823222944393	0.000,0.039,0.314,0.000,0.141,0.695,0.000,0.000,0.153,0.000,0.000,0.000,0.000,0.000,0.016,0.000,0.000,0.000,0.152,0.000,0.000,0.000,0.000,0.000,0.000,0.014,0.380,0.327,1.000,0.000	CAGCAGCTGCCATGGATGGATTTTGGGGGA
ENST00000329421	1495	1525	0.67	0.000,0.000,0.000,NULL,0.000,0.000,0.000,0.000,0.000,0.000,0.000,0.000,0.000,NULL,NULL,NULL,NULL,NULL,NULL,NULL,NULL,NULL,NULL,NULL,NULL,NULL,NULL,NULL,NULL,0.000	CAAGTATTAGGCTTTGGGGTGGGGGGAGGT
ENST00000336023	1309	1339	0.729684883544	0.000,0.000,0.000,0.206,0.226,0.073,0.000,0.000,0.000,0.000,0.000,0.000,0.493,0.469,0.142,0.000,0.988,0.000,0.129,0.464,0.000,1.000,0.000,0.000,0.440,1.000,0.000,0.000,0.939,0.000	TCACTGGTACGTGGGTGAGGGGATGGAGGA
ENST00000301071	1625	1655	0.7537693792	0.000,NULL,NULL,NULL,NULL,0.000,NULL,0.000,0.000,0.379,0.758,0.000,0.000,0.000,0.409,0.000,1.000,0.000,0.000,1.000,0.000,0.409,0.000,0.000,NULL,NULL,NULL,NULL,NULL,NULL	CCTTGAGAAGGATTATGAGGAGGTTGGTGT
ENST00000301072	1489	1519	0.672909416851	0.000,0.000,0.179,0.000,0.000,0.425,0.463,0.000,0.255,0.000,0.000,0.000,0.240,0.343,0.000,0.000,0.658,0.000,0.364,0.037,0.262,0.552,0.000,0.000,0.923,0.123,0.000,0.498,1.000,0.000	TCACTGGTACGTGGGTGAGGGGATGGAGGA
ENST00000543796	287	317	0.832489257213	0.717,0.105,0.000,0.000,0.000,0.000,0.000,0.000,0.000,0.000,0.130,0.000,0.000,0.000,0.000,0.000,0.261,0.000,0.000,0.158,0.344,0.000,1.000,0.000,NULL,NULL,NULL,NULL,NULL,NULL	GTTCAAACTTGTATTGGTTGGTGATGGTGG
ENST00000617714	621	651	0.71583016914	0.000,0.000,0.522,0.455,0.000,0.000,0.000,0.000,0.000,0.000,0.000,NULL,NULL,NULL,NULL,NULL,0.000,0.000,0.000,0.910,0.000,0.500,1.000,0.000,0.480,0.641,0.000,1.000,0.286,0.000	GGGGTCCCGGGGGGAGCAAGCGGAGGAGGT
ENST00000617714	1872	1902	0.569309921646	0.000,0.000,0.313,0.814,0.000,0.294,0.000,0.250,1.000,0.236,0.000,0.000,0.000,0.667,1.000,1.000,0.000,0.000,0.201,0.500,0.293,1.000,0.170,0.653,0.863,0.378,0.000,0.815,0.000,0.146	AGGGCAGGGGCCCGGGCTGGAGAGGAAGGG
ENST00000617714	2040	2070	0.740493653766	0.000,0.000,0.000,0.417,1.000,0.000,0.000,0.000,0.000,0.000,0.000,0.545,0.000,0.364,0.000,0.000,0.000,1.000,0.000,0.571,NULL,NULL,NULL,0.183,0.000,0.000,0.000,0.461,0.155,1.000	AGTGGCTGGGTGTGTGTGGGTGGGATGGGG
ENST00000356674	960	990	0.76638469285	0.000,0.514,0.282,0.370,0.000,0.000,0.000,0.000,0.000,0.000,0.000,0.107,0.065,0.858,0.171,0.171,0.000,0.000,0.000,0.000,0.000,0.000,0.000,0.148,0.000,0.000,0.343,0.000,0.018,0.263	TGGCAACCAGGGTGGGGGCTACGGAGGTGG
ENST00000356674	920	950	0.798243148278	0.000,0.000,0.000,0.000,0.000,0.257,0.023,0.000,0.000,0.257,0.000,0.146,0.000,0.000,0.017,0.000,0.000,0.000,0.000,0.000,0.000,0.062,0.000,0.000,0.213,0.000,0.000,0.246,0.000,0.202	GAGGAGGAAGAGGAGGATATGGTGGTGGAG
ENST00000356674	754	784	0.745174199623	NULL,NULL,NULL,NULL,NULL,NULL,NULL,NULL,NULL,NULL,NULL,NULL,NULL,NULL,0.000,0.000,0.280,0.000,0.000,0.017,0.000,0.300,0.000,0.113,0.000,0.000,0.000,0.239,0.113,0.000	GGCTTTGGGGATTCACGTGGTGGCGGTGGA
ENST00000312579	787	817	0.706158095702	NULL,1.000,0.628,0.000,0.823,0.000,0.000,0.000,0.000,0.000,0.000,0.000,0.861,0.000,0.451,0.000,0.000,0.000,NULL,NULL,NULL,NULL,NULL,0.000,0.473,NULL,NULL,0.000,1.000,0.359	TGGTGCAGCGCGGCCGCCTCATGCAGGAGG
ENST00000367879	265	295	0.598857368006	NULL,NULL,NULL,NULL,NULL,NULL,NULL,NULL,NULL,NULL,NULL,NULL,NULL,NULL,0.531,NULL,NULL,NULL,NULL,0.000,0.420,0.000,0.201,0.000,0.171,0.071,0.525,0.000,0.000,0.196	CGTTCGCACAGGCAGCGGGAGGAGGGGCGG
ENST00000367879	284	314	0.70138620245	0.000,0.420,0.000,0.201,0.000,0.171,0.071,0.525,0.000,0.000,0.196,0.000,1.000,0.279,0.047,0.143,0.000,0.000,0.000,0.000,0.000,0.396,0.206,0.000,0.000,0.045,0.073,0.261,0.010,0.092	AGGAGGGGCGGCGCGAACCATGGCCGGGGA
ENST00000396705	1022	1052	0.626840304841	0.000,0.000,0.000,0.000,0.000,NULL,0.384,NULL,NULL,NULL,NULL,NULL,0.000,0.380,0.244,0.000,0.366,0.684,0.160,0.000,0.018,0.317,0.000,0.165,0.165,0.557,0.213,0.000,0.149,0.047	TCCTTGGCTGAGAGATGGAAGGCGTGGTGG
ENST00000303577	398	428	0.654977216141	NULL,NULL,NULL,NULL,NULL,NULL,NULL,NULL,NULL,NULL,NULL,NULL,NULL,NULL,NULL,NULL,0.000,0.585,0.000,0.539,0.000,0.000,0.809,0.000,0.000,0.239,0.510,0.000,0.000,0.359	AAGAGGATCCGCGAGGAGAGTGGCGCGCGG
ENST00000303577	666	696	0.5336939536	0.669,0.000,0.141,0.145,0.420,0.068,0.347,0.247,0.423,0.000,0.104,0.000,0.000,0.448,0.077,0.000,0.000,0.000,0.000,0.113,0.304,0.120,0.324,0.548,0.093,0.066,0.327,0.128,0.129,0.305	GTACGGGGGCGCAGGTCCAGGTGGCGGGGG
ENST00000357214	2100	2130	0.675538798866	0.107,0.520,0.345,0.000,0.000,0.198,0.000,0.667,0.000,0.000,0.000,0.000,0.663,0.187,0.416,0.114,0.936,0.615,0.000,0.000,0.000,0.193,0.000,0.000,0.000,0.218,0.000,0.226,0.828,0.000	GGGCAGGGAGGTGCGGGGCCTGTGGGTGGA
ENST00000357214	2088	2118	0.712945838838	0.000,0.000,0.000,0.336,0.000,0.195,0.000,0.000,0.000,0.000,0.000,0.000,0.107,0.520,0.345,0.000,0.000,0.198,0.000,0.667,0.000,0.000,0.000,0.000,0.663,0.187,0.416,0.114,0.936,0.615	ACTGAGCGCTTTGGGCAGGGAGGTGCGGGG
ENST00000593829	580	610	0.732108166154	0.000,0.304,0.000,0.000,0.100,0.635,0.952,0.000,0.000,0.000,1.000,0.304,0.000,0.304,0.000,0.000,0.372,0.000,0.000,0.000,0.000,0.000,0.000,0.000,0.000,1.000,1.000,0.000,0.702,0.156	AGGTGTGTTTGGTGGCCGGGGCCGAGGTGG
ENST00000357325	1491	1521	0.831417493443	0.000,0.000,0.000,0.000,0.000,0.436,0.000,0.137,0.000,0.000,0.000,0.000,0.163,0.000,0.000,0.188,0.000,0.000,0.000,0.000,0.000,0.098,0.000,0.000,0.000,0.000,0.512,0.000,0.523,0.866	ATGCGGGGTGGGGGCAGCACAGGAGGGCGG
ENST00000357325	1474	1504	0.801000303122	0.300,0.259,0.000,0.310,0.000,1.000,0.194,0.000,0.000,0.000,0.500,0.000,0.000,0.000,0.000,0.000,0.000,0.000,0.000,0.000,0.000,0.000,0.436,0.000,0.137,0.000,0.000,0.000,0.000,0.163	GGAGGGGCAATCCTCAAATGCGGGGTGGGG
ENST00000357325	1451	1481	0.709970238095	0.000,0.000,0.000,0.000,0.000,0.000,0.000,0.259,0.000,0.227,0.000,0.000,0.000,0.545,0.000,0.227,0.235,0.501,0.423,0.000,0.000,0.000,0.000,0.300,0.259,0.000,0.310,0.000,1.000,0.194	GCAGGGTGGGCTTGTGGGGCCTGGGAGGGG
ENST00000261772	3038	3068	0.692523056653	NULL,NULL,NULL,NULL,NULL,NULL,NULL,NULL,NULL,NULL,NULL,NULL,NULL,NULL,0.000,0.279,0.000,0.243,0.233,0.000,0.000,0.000,0.139,0.000,0.000,0.204,0.000,0.420,0.000,0.000	TGTAAAGAACTGAGTGGGGAAGGAGGAGGC
ENST00000373316	532	562	0.860357841767	0.000,0.000,0.199,0.000,0.000,0.000,0.000,0.000,0.000,0.000,0.334,0.000,0.000,NULL,NULL,NULL,NULL,NULL,NULL,NULL,NULL,NULL,NULL,NULL,NULL,NULL,NULL,NULL,NULL,1.000	CCGCTTTCATGTGGAGGAAGAAGGGAAGGG
ENST00000373316	858	888	0.65879356022	0.000,0.000,0.000,0.000,0.000,0.913,0.000,1.000,0.000,0.000,1.000,0.000,0.000,0.000,0.000,0.000,0.000,0.468,1.000,0.000,1.000,0.637,0.000,1.000,1.000,0.067,0.084,0.102,0.633,0.910	TCAATGAGATGATTATTGGTGGTGGAATGG
ENST00000373316	1162	1192	0.669932191292	0.398,0.000,0.000,0.511,0.000,0.000,0.000,1.000,0.000,1.000,0.000,0.000,0.396,0.000,0.000,0.000,0.743,0.304,0.000,0.000,0.000,0.000,0.789,0.155,0.496,0.665,0.185,0.128,0.658,0.044	GCAGATTGTGTGGAATGGTCCTGTGGGGGT
ENST00000311322	2944	2974	0.78750390503	NULL,NULL,NULL,NULL,NULL,NULL,NULL,NULL,NULL,NULL,NULL,NULL,NULL,NULL,NULL,0.000,0.000,0.261,0.000,0.261,0.000,0.000,0.000,0.000,0.000,0.000,0.000,0.417,0.000,0.128	TAAGTAAAAGGGTGGAGAGGTTCCTGGGGT
ENST00000229390	457	487	0.712169939066	0.301,0.000,0.000,NULL,NULL,NULL,NULL,NULL,0.000,0.000,0.328,0.275,0.000,0.411,0.289,0.000,0.000,0.000,0.000,0.000,0.000,0.444,0.000,0.000,0.578,0.000,0.328,0.000,0.000,NULL	GGTCGGGGTGGGTGGCCCCGTGGTGGGAGG
ENST00000615959	5	35	0.805213216696	NULL,NULL,NULL,0.000,0.147,0.000,0.000,0.611,0.000,0.000,0.000,0.234,0.000,0.000,0.000,0.000,0.000,0.229,0.000,0.000,0.246,0.000,0.000,0.000,0.000,0.000,0.363,0.000,0.000,0.469	CTGCGGCGGCGGTGGTGGGGGGAGCCGCGG
ENST00000615959	112	142	0.796684118674	0.405,0.000,0.000,0.000,0.000,0.292,0.000,0.000,0.469,0.000,0.000,0.000,0.000,0.000,0.000,0.556,0.000,0.000,0.000,0.000,0.000,0.403,0.000,0.000,0.000,0.000,0.347,0.000,0.921,1.000	CGGCTGCGGTCGGCCGCGCTCGAGGGGTCC
ENST00000248958	752	782	0.708818126148	NULL,NULL,NULL,NULL,NULL,NULL,NULL,NULL,NULL,NULL,NULL,NULL,NULL,NULL,NULL,NULL,0.550,0.317,0.000,0.000,0.317,0.000,0.000,0.275,0.000,0.000,0.000,0.000,0.040,0.134	GGATGGGTGGATGGAGGGTGGCAGGTGGGG
ENST00000318911	502	532	0.622943096913	NULL,NULL,NULL,NULL,NULL,NULL,NULL,NULL,NULL,NULL,NULL,NULL,0.000,0.000,0.459,0.000,0.000,0.439,0.962,0.505,0.264,0.554,0.000,1.000,0.000,0.000,0.000,0.642,0.000,0.246	GAAGCTAAGGAGCTGGCTGCGGAGGTGGAG
ENST00000296417	124	154	0.653617896632	NULL,NULL,0.311,0.225,0.000,0.000,0.000,0.000,0.205,0.000,0.000,0.487,0.000,0.000,0.196,0.259,0.000,0.187,0.270,0.296,0.051,0.270,0.000,1.000,0.000,NULL,NULL,NULL,0.132,0.000	CGCGGTGCGACGAAGGAGTAGGTGGTGGGA
ENST00000216129	547	577	0.69092495637	0.432,0.000,0.000,1.000,0.000,0.490,0.000,0.000,0.000,0.000,0.000,0.994,0.562,0.000,0.000,0.000,0.000,0.257,0.730,0.000,0.725,0.273,0.000,0.114,0.000,0.334,0.000,0.000,0.316,0.649	GCTGTGGCCCTGGTGCTGGAGGAGATGTGG
ENST00000321265	116	146	0.691334690317	0.000,0.000,0.163,0.204,0.515,0.000,0.876,0.000,0.000,0.000,0.117,0.190,0.000,0.000,0.000,0.000,0.286,0.000,0.964,0.000,0.177,0.000,0.607,0.000,0.417,0.966,0.000,0.946,0.333,0.117	CGGCGCGATGGGCGGAGAGCAGGAGGAGGA
ENST00000321265	781	811	0.790031462163	0.233,0.665,0.000,0.000,0.000,0.218,0.000,0.000,0.000,0.000,0.000,0.000,0.000,0.000,0.164,0.355,0.000,0.816,0.000,0.000,0.000,0.181,1.000,0.058,0.000,0.000,0.000,0.000,0.240,0.096	GGGAGCTCTACAATGAAGTGAAGGTGGAGG
ENST00000396386	101	131	0.606024421507	0.000,0.174,0.000,0.000,0.476,0.000,0.484,0.169,0.000,0.000,0.000,0.415,0.115,0.000,0.343,0.000,0.000,0.145,0.000,0.000,0.000,0.222,0.339,0.164,0.454,0.176,0.081,0.415,0.631,0.138	ACCCGCGACCCGGAGCAGCTCGGAGGCGGT
ENST00000322611	1133	1163	0.761534780788	0.808,0.180,0.000,0.740,0.000,0.000,0.000,0.000,0.000,0.000,0.000,0.000,0.000,0.000,0.344,0.000,0.000,0.000,0.660,0.000,0.000,0.685,0.537,0.000,0.000,0.000,0.000,0.000,0.619,1.000	GTTGTCCCATCAAGGGAGGGAGGGGGTGGG
ENST00000258091	1341	1371	0.754802403317	0.000,0.000,1.000,0.269,0.000,0.318,0.000,0.000,0.000,0.000,0.000,0.000,0.000,0.000,0.000,0.000,0.000,0.235,0.000,0.000,0.000,0.225,0.159,0.208,0.560,0.216,0.000,0.000,0.166,0.583	AAGAATGATTCAGTGGTGGCTGGTGGCGGG
ENST00000356493	182	212	0.701755027422	0.110,0.280,0.000,0.033,0.000,0.000,0.136,0.000,0.000,0.323,0.000,0.000,0.079,0.194,0.000,0.000,0.000,0.000,0.000,0.000,0.329,0.200,0.370,0.000,0.393,0.000,0.206,0.000,0.082,0.000	CGTGCCGCAGCAGGAGGCCTGGGTGGTGGA
ENST00000252818	113	143	0.601043950568	NULL,NULL,NULL,NULL,NULL,NULL,NULL,NULL,NULL,NULL,NULL,NULL,NULL,NULL,0.000,0.262,0.809,0.000,0.000,0.000,0.386,0.738,0.000,0.318,1.000,0.304,0.000,0.240,0.960,0.000	GCCGGCGCGGCGGGGGAGGCGGAGGATGGA
ENST00000216281	223	253	0.837760599672	0.000,0.000,0.062,0.000,0.000,0.000,0.000,0.475,0.000,0.000,0.000,0.000,0.000,0.000,0.000,0.550,0.000,0.000,0.000,0.000,0.000,0.000,0.270,0.000,0.490,0.783,0.000,0.208,0.008,0.000	GACCCAAGACCAACCGATGGAGGAGGAGGA
ENST00000333676	467	497	0.720823521016	0.000,0.000,0.000,0.000,0.000,0.748,0.000,0.183,0.643,0.150,0.000,0.150,0.278,0.000,0.000,0.000,0.000,0.000,0.000,0.286,0.000,0.000,0.682,0.272,0.000,0.451,0.594,0.000,0.000,0.234	TCCCTGCTGCAGCAGCCCAGGAGGCGGTGG
ENST00000333676	891	921	0.754545454545	0.815,0.000,0.000,0.000,0.000,0.513,0.110,0.000,0.000,0.000,0.000,0.311,0.000,0.000,0.000,0.203,0.000,0.000,0.000,0.000,0.291,0.000,0.782,0.000,0.337,0.000,0.325,0.000,1.000,1.000	GCACAGACCTACTGTGGCGGGAGGGAGGGG
ENST00000345046	309	339	0.709949164851	NULL,NULL,NULL,NULL,NULL,NULL,NULL,NULL,NULL,NULL,NULL,NULL,NULL,NULL,NULL,0.000,0.000,0.000,0.360,0.000,0.000,0.000,0.346,0.242,0.000,0.000,0.000,0.239,0.190,0.000	TGTGGGAGAGTTCTGTTGCTGCGGCGGGGC
ENST00000339399	183	213	0.692267110926	NULL,NULL,NULL,NULL,NULL,NULL,NULL,NULL,NULL,NULL,NULL,NULL,NULL,NULL,NULL,0.000,0.000,0.000,0.000,0.000,0.105,0.000,0.000,0.617,0.000,0.399,0.285,0.000,0.511,0.484	GAAGAGGGGAACATGGACATGAAGAGGAGG
ENST00000372813	1485	1515	0.83297008547	0.000,0.576,0.000,0.000,0.000,0.000,0.000,0.000,0.300,0.000,0.000,0.000,0.000,0.394,0.000,0.000,0.000,0.377,0.000,0.000,0.000,0.000,0.276,0.000,0.000,0.197,0.000,0.000,1.000,0.000	AGCTCCTGGGCCGGGGTGGAAGGAGGGGGA
ENST00000388835	390	420	0.735371062467	NULL,NULL,NULL,NULL,NULL,NULL,NULL,NULL,NULL,0.311,0.000,0.450,0.000,0.000,0.000,NULL,0.000,0.624,0.000,0.000,0.000,1.000,0.000,0.000,0.357,0.713,0.000,0.000,0.291,0.000	GGGGGCCTGGCCACCGGGATAGCCGGGGGT
ENST00000557016	1022	1052	0.742122510713	0.000,0.000,0.000,0.000,0.000,0.000,0.307,0.000,0.000,0.000,NULL,0.000,0.000,0.276,0.000,0.000,0.000,0.000,0.000,0.226,0.358,0.358,0.000,0.760,0.000,0.296,0.861,0.238,0.287,0.000	AACCCTTCTTCAAGATGGGGTGGGGGGTGG
ENST00000377351	1551	1581	0.803867907316	0.000,0.000,0.000,0.000,0.000,0.000,0.000,0.000,0.000,0.267,0.384,0.342,0.000,0.000,0.394,0.000,NULL,NULL,NULL,NULL,NULL,NULL,NULL,NULL,NULL,0.000,0.000,0.000,0.701,0.000	GCCATGATTGGGCTGGGCTGCGGGGAGGGT
ENST00000394440	949	979	0.689550522474	0.000,0.000,0.365,0.000,0.000,0.937,0.000,0.000,0.000,0.554,0.099,0.433,0.097,0.771,0.000,0.000,1.000,0.225,0.000,0.553,0.801,0.000,0.000,0.308,0.090,0.000,0.000,0.000,0.235,0.199	TTGATGACTGTGAGTTGGTGGAAGGGCTGG
ENST00000300026	736	766	0.595670250896	0.147,0.147,0.372,0.327,0.733,0.264,0.593,0.000,0.000,0.000,0.279,0.000,0.000,0.035,0.173,0.000,0.100,0.079,0.000,0.061,0.000,0.196,0.320,0.000,0.102,0.018,0.199,0.000,0.267,0.238	TAGAGGGCATGGAGGTGGTGCGGAAGGTGG
ENST00000372715	1660	1690	0.555365492074	0.409,1.000,0.358,0.958,0.000,0.000,1.000,0.000,0.000,0.000,0.000,0.000,0.274,0.342,0.342,0.409,NULL,0.450,0.000,0.429,0.376,0.217,0.313,0.301,1.000,0.053,0.000,0.000,0.418,0.120	GTGGCGGCCTGAGGGGTCCCGGGAGGCGGG
ENST00000343262	86	116	0.828774644372	0.284,0.000,0.000,0.000,0.000,0.000,0.000,0.000,0.678,0.000,0.000,0.000,0.324,1.000,0.000,0.000,0.000,0.000,0.000,0.000,0.000,0.000,0.000,0.000,0.856,0.000,0.000,0.610,0.000,0.255	GCCCGGGGGCCCTGGTGGCCCTGGGATGGG
ENST00000348956	1396	1426	0.703526835907	0.000,0.000,0.000,0.290,0.000,0.000,0.000,0.000,0.000,0.412,0.000,0.609,0.000,0.348,0.593,0.000,0.000,0.000,0.000,0.000,0.701,1.000,0.412,0.000,0.412,0.000,0.000,0.428,0.428,0.000	GTGGAGCTGGTGCAGATGGTGGTGGACGGA
ENST00000348956	1324	1354	0.701085615593	NULL,NULL,NULL,NULL,NULL,NULL,NULL,NULL,NULL,1.000,0.000,0.000,0.000,0.000,0.315,0.658,0.000,0.000,0.735,0.000,0.412,0.000,0.000,0.609,0.000,0.000,0.000,0.000,0.269,0.634	GGCGGTGTGGACACGGCTGCGGTGGGCGGG
ENST00000348956	303	333	0.733742331288	0.167,0.000,0.000,0.590,0.000,0.000,0.180,0.000,0.000,0.000,0.322,0.000,0.371,0.000,NULL,NULL,NULL,NULL,NULL,NULL,NULL,NULL,NULL,NULL,NULL,NULL,NULL,NULL,NULL,NULL	GCTGCCGACGGACGGAGCGCCCCCGCCCCC
ENST00000326739	988	1018	0.713323947267	NULL,NULL,NULL,NULL,NULL,NULL,NULL,NULL,NULL,NULL,NULL,NULL,NULL,NULL,NULL,NULL,NULL,0.000,0.539,0.000,0.000,0.207,0.000,0.000,0.000,0.000,0.793,0.466,1.000,0.000	GGTGTGGATGCCCTGCGGGTGGGCATGGGA
ENST00000304312	55	85	0.687238236019	NULL,NULL,NULL,NULL,NULL,NULL,NULL,NULL,0.000,0.000,0.000,0.000,0.000,0.000,0.000,0.000,0.363,0.150,0.095,0.147,0.000,0.150,0.000,0.365,0.142,0.000,0.000,0.000,0.210,0.223	GCAGGTTGTGCTTCCGGTGCGGAGGTCAGG
ENST00000234111	178	208	0.903953871499	0.135,0.000,0.000,0.670,0.000,0.000,0.000,0.000,0.000,0.000,0.000,0.000,0.000,0.087,0.000,0.101,0.000,0.000,0.000,0.000,0.000,0.000,0.000,0.000,0.000,0.000,0.000,0.221,0.000,0.000	TCAGTCCCTCCTGTAGCCGCCGCCGCCGCC
ENST00000397375	825	855	0.818582345602	NULL,NULL,NULL,NULL,NULL,NULL,NULL,NULL,NULL,NULL,NULL,NULL,NULL,NULL,0.794,0.000,0.000,0.000,0.000,0.227,0.000,0.000,0.000,0.000,0.000,0.000,0.320,0.000,0.262,0.000	GGGTCTGCATCTTAGGGGGGAGGGCTGGGG
ENST00000381342	57	87	0.635816048607	NULL,NULL,NULL,NULL,NULL,NULL,NULL,NULL,NULL,NULL,NULL,NULL,NULL,NULL,NULL,NULL,NULL,NULL,0.421,0.000,0.000,0.000,0.462,0.000,0.263,0.137,0.185,0.000,0.016,0.107	TGGTGCTGCATTTCCGGTAGCGGCGGCGGG
ENST00000261622	4454	4484	0.779945588807	0.410,0.000,0.000,0.596,0.000,0.000,0.000,0.000,0.000,0.000,0.000,1.000,0.567,0.000,NULL,NULL,NULL,NULL,NULL,NULL,NULL,NULL,NULL,NULL,NULL,NULL,NULL,NULL,NULL,0.000	CCTGTTACACTGGGCTGGGTTGGGTAGGGT
ENST00000261622	3905	3935	0.797133838384	0.000,0.000,0.000,0.000,0.000,0.000,0.619,1.000,1.000,0.496,0.538,0.000,0.000,0.000,0.000,0.000,0.000,0.000,0.000,0.000,0.000,1.000,0.000,0.000,0.000,0.000,0.000,0.000,0.451,0.176	TTGGTGGGGGGTCCAGTCTGTGATCCTTGG
ENST00000261622	3886	3916	0.66322016386	0.000,0.000,0.000,1.000,0.000,NULL,NULL,NULL,NULL,NULL,NULL,NULL,NULL,0.000,0.667,0.000,0.000,0.518,0.409,0.000,0.000,0.000,0.000,0.000,0.000,0.619,1.000,1.000,0.496,0.538	GGAGCTCCTCCGCAGAAGGTTGGTGGGGGG
ENST00000261622	106	136	0.496303763441	0.536,1.000,1.000,0.000,0.518,0.425,0.000,0.000,0.768,0.000,0.000,0.000,0.000,0.245,0.000,0.000,0.350,0.631,0.000,0.657,1.000,0.644,1.000,1.000,0.259,1.000,0.000,0.855,1.000,1.000	CGGCGGCCGAGGAGAAGGAAGAGGCGCGGG
ENST00000309311	2894	2924	0.686666666667	0.000,0.000,0.000,0.000,0.555,0.019,0.000,0.126,0.000,0.214,0.000,0.000,0.000,0.181,0.433,0.000,0.117,0.000,0.000,0.749,0.383,0.515,0.702,0.034,0.194,0.134,0.000,0.060,0.349,1.000	TAATGGGCCGGTCGGGGAGGGGGAGGCGGG
ENST00000166345	2078	2108	0.785273368607	0.000,0.000,0.000,0.487,0.000,0.000,0.000,0.000,0.124,0.000,0.000,0.000,0.000,0.000,0.000,0.000,0.000,0.000,0.396,0.341,0.000,0.180,0.578,0.000,0.000,0.581,0.169,0.000,0.021,0.147	AATGCACACATTACTCCAGGTGGAAGGTGG
ENST00000394349	544	574	0.665693430657	0.000,0.000,0.000,0.000,0.000,0.000,0.337,0.365,0.000,0.000,0.000,0.760,0.000,0.000,0.000,0.380,0.731,0.404,0.000,0.000,0.380,0.437,0.437,0.455,0.000,0.000,0.000,0.000,0.337,0.731	ACAGTTGGGGTGGCTGGTTCTGGGGCTGGG
ENST00000388968	1950	1980	0.600154808477	NULL,NULL,NULL,NULL,NULL,NULL,NULL,NULL,NULL,NULL,NULL,NULL,NULL,NULL,NULL,NULL,NULL,0.757,0.000,0.000,0.000,0.910,0.284,0.090,0.000,0.427,0.765,0.000,0.272,0.172	GGGTGGAATGGGAGGTGGTATGGGAGGTGG
ENST00000304494	236	266	0.694971202851	NULL,NULL,NULL,0.700,0.632,0.000,0.000,0.204,0.000,0.194,0.000,0.000,0.636,0.000,0.000,0.000,1.000,NULL,NULL,NULL,NULL,NULL,NULL,NULL,NULL,NULL,NULL,0.893,0.000,0.000	AGGGGGAGAGCAGGCAGCGGGCGGCGGGGA
ENST00000258424	165	195	0.818706375058	0.000,0.000,0.000,0.000,0.000,0.000,0.000,0.212,0.000,0.000,0.717,0.000,0.000,0.000,0.000,0.000,0.000,0.698,0.921,0.837,0.000,0.000,0.000,0.250,0.000,0.663,0.000,0.000,0.000,0.000	ATGAAGAGCAGGCGACTGGGTTGGAGAGGG
ENST00000368097	1499	1529	0.695916283818	1.000,0.164,0.057,0.000,0.000,0.000,0.139,0.908,0.000,0.000,0.168,0.000,0.860,0.000,0.000,0.285,0.000,0.000,0.285,0.545,0.139,0.000,0.000,0.000,0.076,0.547,0.121,0.050,0.148,0.385	GGGGTGGGGTGAGGGGATGGAGAGGGAGGG
ENST00000259457	560	590	0.606664415175	NULL,NULL,NULL,NULL,NULL,NULL,0.000,0.000,NULL,NULL,NULL,1.000,0.000,0.000,0.000,0.448,0.000,0.000,0.319,0.000,0.559,0.539,0.000,1.000,0.984,0.227,0.851,0.441,0.000,0.400	GATAAGTTTAGGCCAGACATGGAGGAGGAG
ENST00000252593	923	953	0.702483212974	0.000,0.000,0.000,0.000,0.795,0.169,0.000,0.000,0.000,0.358,0.089,0.000,0.000,0.000,0.192,0.000,0.000,0.000,0.000,0.000,1.000,0.414,0.000,0.000,0.495,1.000,0.476,1.000,1.000,0.905	TGTTGTTATGGGTTTTTTTTGCGGGGGGGG
ENST00000252593	784	814	0.781832745915	0.202,0.000,0.000,0.150,0.000,0.000,0.000,0.000,0.000,0.000,0.170,0.000,0.146,0.000,0.000,0.083,0.738,0.867,0.000,0.000,0.000,0.000,0.000,0.064,0.000,0.053,0.141,0.284,0.223,0.000	GAAGTCCTGGGTGTGGGGACACAGTCGGGT
ENST00000252593	772	802	0.776787747076	0.000,0.281,0.267,0.079,0.188,0.000,0.000,0.000,0.000,0.000,0.050,0.000,0.202,0.000,0.000,0.150,0.000,0.000,0.000,0.000,0.000,0.000,0.170,0.000,0.146,0.000,0.000,0.083,0.738,0.867	AGGGGCCATGGGGAAGTCCTGGGTGTGGGG
ENST00000262947	833	863	0.827469920352	0.000,0.000,0.506,0.000,0.000,0.163,0.000,0.000,0.000,0.000,0.000,0.000,0.318,0.000,0.000,0.000,0.000,0.000,0.100,0.342,0.000,0.000,0.000,0.395,0.000,0.000,0.064,0.000,0.079,0.000	AGGGTGGGGAACATGGGGGCTATGCTGGGG
ENST00000450554	2640	2670	0.73683183769	NULL,NULL,NULL,NULL,NULL,NULL,NULL,NULL,0.000,0.000,0.257,0.000,0.000,0.324,0.000,0.324,0.000,0.000,0.385,0.000,0.261,0.000,0.000,0.000,0.000,0.197,0.000,0.116,0.000,0.000	ATGGGGACAGGGTGCACAGCAGGGCGGGGT
ENST00000360270	803	833	0.69050418897	0.000,0.358,0.000,0.000,0.000,0.319,NULL,0.000,0.000,0.000,0.000,0.021,0.000,0.204,0.000,0.000,0.984,0.000,0.594,0.315,0.000,0.000,0.797,1.000,1.000,0.459,0.106,0.000,0.296,0.614	AGAAAGGCTCAGAGCTGTGGCTGGGGGTGG
ENST00000302182	326	356	0.651508295626	0.000,0.000,0.000,0.449,0.000,0.263,0.000,0.000,0.000,0.000,0.000,0.393,0.000,0.794,1.000,0.398,0.000,0.772,1.000,0.125,0.000,0.251,0.000,0.728,0.521,0.085,0.000,1.000,1.000,0.061	TTTGTGTCCCTGTGGGTGGACGTGGTTGGT
ENST00000424390	193	223	0.650263895807	NULL,0.000,0.000,0.000,0.000,0.000,0.000,0.000,0.353,0.000,0.000,0.189,0.000,0.560,0.000,0.000,0.000,0.000,0.394,0.315,0.179,0.235,0.535,0.220,0.552,0.377,0.760,1.000,0.492,0.000	GAGAATCGCTTGAGCCCGGGAGGTGGAGGT
ENST00000332598	1058	1088	0.712617652282	0.720,0.000,0.000,0.000,0.000,0.391,0.000,0.000,0.375,0.391,0.000,0.000,NULL,NULL,NULL,NULL,NULL,NULL,NULL,NULL,NULL,NULL,NULL,NULL,NULL,NULL,NULL,NULL,NULL,NULL	GTGAGGCTGCTGTTGGGGGTGGGGGGAGGG
ENST00000332598	1228	1258	0.750266901347	NULL,NULL,NULL,NULL,NULL,NULL,NULL,NULL,0.000,0.428,0.000,0.000,0.000,0.000,0.180,0.000,0.343,0.000,0.000,NULL,0.000,0.000,0.000,0.000,0.000,1.000,0.000,1.000,1.000,1.000	GGTGTGTGTGAGTTGAGGGTGGGTGGAGGG
ENST00000332598	1242	1272	0.675965296041	0.180,0.000,0.343,0.000,0.000,NULL,0.000,0.000,0.000,0.000,0.000,1.000,0.000,1.000,1.000,1.000,0.969,0.346,0.000,0.000,1.000,0.000,0.000,0.712,0.164,0.122,0.000,0.294,0.288,0.000	GAGGGTGGGTGGAGGGGTTTGCAGTGTGGG
ENST00000505490	209	239	0.493574740561	0.318,0.318,0.000,0.331,0.577,0.627,0.294,0.538,0.000,0.242,0.538,0.449,0.901,0.000,0.000,0.000,0.391,0.871,0.000,0.074,0.614,0.000,0.010,0.347,0.000,0.466,0.474,0.000,0.226,0.452	CGCCCGCGGCGCGGCCGGCGGAGGCGGCAG
ENST00000001008	1712	1742	0.616429242329	NULL,NULL,NULL,NULL,NULL,NULL,NULL,NULL,NULL,NULL,NULL,NULL,NULL,NULL,0.000,0.400,0.233,0.333,0.537,0.000,0.000,0.000,0.857,0.000,0.000,0.235,0.235,0.000,0.315,0.049	GAAAGGTGTAGGCTGGGGGATTGAGGTGGG
ENST00000264552	936	966	0.809800495122	0.000,0.000,0.000,0.137,0.490,0.000,0.000,0.000,0.000,0.000,0.000,0.000,0.000,0.000,0.205,0.135,0.000,0.000,0.000,0.000,0.000,0.000,0.000,0.000,0.000,0.202,0.000,0.339,0.207,0.574	TATGGCTGGGGTCGGGGAGGGTACAGGGGG
ENST00000254810	1466	1496	0.7855872622	0.000,0.036,0.000,0.000,0.000,0.000,0.000,0.000,0.000,0.000,NULL,NULL,NULL,NULL,0.000,0.000,0.646,0.555,0.000,0.265,0.000,0.000,0.591,0.150,0.233,1.000,0.000,0.000,0.244,0.000	TGTATTATAAAAACTTGGTGTGGGGGAGGA
ENST00000333503	512	542	0.648443453211	0.000,0.041,0.000,0.306,0.000,0.000,0.103,0.501,0.000,0.000,0.140,0.000,0.219,0.069,0.008,0.000,0.136,0.000,0.324,0.248,0.000,0.508,0.215,0.000,0.151,0.000,0.092,0.000,0.153,0.373	GGAGCCCGACGTGCGCGCGGTGGTGGTGGG
ENST00000234875	675	705	0.72112195122	0.304,0.783,0.032,0.000,0.366,0.199,0.000,0.000,0.038,0.000,0.000,0.243,0.000,0.089,0.089,0.000,0.000,0.062,0.000,0.146,0.000,0.000,0.128,0.158,0.000,0.333,0.000,0.177,0.000,0.953	GGGAGGCAGATGCGGGTGTGGAGGTGTGGG
ENST00000451311	442	472	0.594456521739	0.000,0.000,0.138,0.397,0.415,0.344,0.000,0.435,0.835,0.000,0.330,0.000,0.091,0.865,0.000,0.000,0.276,0.000,0.000,0.355,0.000,0.682,0.454,1.000,0.566,0.000,0.070,0.918,1.000,0.029	AAGAAGTGGGGTGGAAGAAGTGGGGTGGGA
ENST00000293308	687	717	0.766360116167	0.399,0.000,0.000,0.000,0.000,0.000,0.000,0.335,0.000,0.000,0.000,0.000,0.000,0.000,0.000,0.396,0.468,0.000,0.468,0.000,NULL,NULL,NULL,NULL,NULL,NULL,NULL,NULL,NULL,NULL	GCTTGGCAACATGCAGGGGCTGGTGGAGGA
ENST00000336458	329	359	0.673674806432	0.000,0.000,0.000,0.000,0.000,0.397,0.145,0.324,0.000,0.000,0.000,0.365,0.000,0.000,0.229,0.235,0.661,0.000,0.457,0.000,0.297,0.192,0.000,0.156,0.307,1.000,0.951,1.000,0.000,0.000	CGGTTGGGCTCGCGGCGAGCGGACGGGGTC
ENST00000304921	304	334	0.659001782531	0.000,0.543,0.000,0.177,0.230,0.000,0.820,0.724,0.219,0.000,0.000,0.230,0.000,0.928,0.000,0.000,0.494,0.205,0.000,0.169,0.067,0.000,0.000,0.110,0.000,0.401,0.614,0.000,0.000,0.427	AGCTAAGGAAATTGAAGTTGGTGGTGGTCG
ENST00000546500	1310	1340	0.923076923077	NULL,NULL,NULL,NULL,NULL,0.000,0.000,0.000,0.302,0.000,0.000,0.000,0.000,NULL,0.000,0.000,NULL,0.000,0.000,0.000,NULL,NULL,NULL,NULL,NULL,NULL,NULL,NULL,NULL,NULL	TGGTGGTGGTGGATATGGTGGCAGTGGGGA
ENST00000366922	3253	3283	0.888888888889	0.000,0.000,0.000,0.000,0.000,0.000,0.518,0.000,0.000,0.000,0.000,0.518,0.000,0.000,0.000,0.000,0.000,0.000,NULL,NULL,NULL,NULL,NULL,NULL,NULL,NULL,NULL,NULL,NULL,NULL	TGAGTGGATGAGTAAATGGTGGAGGATGGG
ENST00000216146	364	394	0.716232401528	0.000,0.000,0.322,NULL,NULL,NULL,NULL,NULL,NULL,NULL,1.000,0.000,0.000,NULL,0.000,NULL,NULL,NULL,0.000,1.000,0.123,0.000,1.000,0.000,0.344,0.000,0.000,0.258,0.000,0.611	GATCCAAGGTGAACAAGAAGGAGGTGGTGG
ENST00000313511	705	735	0.728652948623	0.000,0.000,0.000,0.422,0.306,0.000,0.385,0.000,0.478,0.000,0.209,0.000,1.000,0.458,0.000,0.000,0.458,0.000,0.000,0.355,0.000,0.000,0.000,0.000,0.000,0.000,NULL,NULL,NULL,NULL	CCAGGACTCTGAGATGGTGGAACTGGTGGA
ENST00000340384	1449	1479	0.602790932626	0.000,0.652,0.000,1.000,0.000,0.000,0.000,0.275,0.188,0.779,0.454,0.000,0.950,0.335,0.000,0.016,0.000,0.141,0.000,0.257,0.175,0.200,1.000,0.136,1.000,1.000,0.000,1.000,1.000,0.000	CGAGTTCGAGGAGGAGGCTGAGGAGGAGGT
ENST00000264639	295	325	0.583024210365	NULL,0.000,1.000,0.409,0.660,0.000,0.000,0.720,0.000,0.000,0.000,0.000,0.625,0.346,0.000,0.602,0.491,0.000,0.000,0.000,0.375,0.000,0.774,0.660,0.000,0.739,0.240,0.000,0.935,0.850	CAGCGACGGGTGGCGGGTCGACGGGGGAGG
ENST00000324460	2361	2391	0.779237958303	0.957,0.000,NULL,NULL,NULL,0.000,1.000,0.000,0.000,0.000,0.000,1.000,0.440,0.000,0.000,0.000,0.000,0.000,0.000,0.000,0.000,0.000,0.000,NULL,0.000,1.000,0.000,0.555,0.398,0.000	GAAGAAGAATTGGCCATCTTAAAAAGCGGG
ENST00000324460	2333	2363	0.887988980716	0.000,0.000,0.000,0.000,0.000,0.000,0.000,0.000,0.000,0.000,0.391,0.000,0.000,0.000,0.000,0.000,0.000,0.000,0.000,0.000,0.000,0.000,0.720,0.000,0.000,0.000,0.957,0.000,0.957,0.000	TTGCTCACATGTCTTTGGGTGGGGGGGAGA
ENST00000324460	824	854	0.883413461538	0.000,0.236,0.000,0.000,0.000,0.000,0.000,0.000,0.180,0.000,0.000,0.000,0.000,0.000,0.000,0.000,NULL,NULL,NULL,NULL,NULL,NULL,NULL,NULL,NULL,NULL,NULL,NULL,NULL,NULL	TGCTTATGGCCTGGATAAGAGGGAGGGGGA
ENST00000253452	28	58	0.816434164049	NULL,NULL,NULL,NULL,NULL,NULL,NULL,0.000,0.190,0.000,0.000,1.000,0.000,0.263,0.000,0.000,0.000,0.000,0.000,0.225,0.000,0.000,0.000,0.674,0.000,0.000,0.101,0.000,0.218,0.000	CACCGGGTGTAGAGGGCGGTCGCGGCGGGC
ENST00000462138	1956	1986	0.75572755418	0.000,0.000,0.000,0.000,1.000,0.302,0.000,0.000,0.000,1.000,0.865,0.000,0.000,0.000,0.000,0.000,0.000,1.000,0.000,1.000,0.000,0.000,0.000,0.000,0.144,0.000,0.425,0.778,0.269,0.000	CCTAGGGCGGGTATGAAGTGTGGGGCGGGG
ENST00000356661	1153	1183	0.816971198513	NULL,NULL,NULL,0.000,0.000,0.000,0.000,0.265,0.756,0.000,0.000,0.000,0.000,0.000,0.160,0.000,0.000,0.000,0.033,0.000,0.355,0.000,0.072,0.000,0.000,0.000,0.395,1.000,0.193,0.000	GAGTTGCAGCCAAGGCCAGTGGGAGGGGGA
ENST00000356661	871	901	0.727523038885	0.000,0.300,0.000,0.575,0.000,0.935,0.000,0.182,0.000,0.000,0.300,0.000,0.000,0.000,0.000,0.000,0.000,0.000,0.000,0.000,0.686,0.000,0.000,0.717,0.750,0.279,0.000,0.000,0.814,0.394	TGAGTGTGATGGAGGTGTATGATGGGAGGG
ENST00000544301	904	934	0.772278133577	0.000,0.000,0.000,0.000,0.000,0.122,0.000,0.311,0.000,0.000,0.000,0.000,0.000,0.082,0.120,0.000,0.000,0.000,0.000,0.125,0.000,0.000,0.264,0.000,0.522,0.023,0.000,0.367,0.107,0.143	AACCAACGACAAAGCCCGCGTCGAGGTGGA
ENST00000233893	586	616	0.836403559908	0.000,0.921,0.000,0.000,0.000,0.000,0.000,0.000,0.000,NULL,0.938,1.000,0.000,0.000,0.000,0.000,NULL,NULL,NULL,NULL,0.000,NULL,NULL,NULL,NULL,NULL,NULL,0.000,NULL,0.000	TGTTGGATCGGGTTCTAAAGGAAAGGGTGG
ENST00000291442	884	914	0.794781221513	0.000,0.000,0.000,0.000,0.000,0.000,0.000,0.329,0.298,0.000,0.000,0.000,0.000,0.000,0.342,0.000,0.650,0.000,0.358,0.000,NULL,NULL,0.000,NULL,0.217,0.000,NULL,0.000,NULL,NULL	CTGCGTGGTGTGCGGGGACAAGTCGAGCGG
ENST00000291442	871	901	0.857708652048	0.000,0.000,0.000,0.000,0.000,0.000,0.000,0.342,0.000,0.000,0.000,0.000,0.000,0.000,0.000,0.000,0.000,0.000,0.000,0.000,0.329,0.298,0.000,0.000,0.000,0.000,0.000,0.342,0.000,0.650	GGCTGCAGGTGGACTGCGTGGTGTGCGGGG
ENST00000382361	2122	2152	0.772313781086	0.000,0.000,0.000,0.000,0.317,0.000,0.867,0.425,1.000,0.000,0.000,0.000,0.000,0.000,0.000,0.341,0.000,0.459,0.377,1.000,0.000,0.857,0.000,0.000,0.000,0.000,0.000,0.000,0.000,0.000	CCTTGTGGTGTTTTTTTGGGTGGTGGCTGG
ENST00000382361	2254	2284	0.739319363223	0.000,0.585,0.375,0.559,0.000,0.559,0.000,0.000,0.000,0.000,0.000,NULL,NULL,NULL,NULL,NULL,NULL,NULL,NULL,NULL,NULL,NULL,NULL,NULL,NULL,0.000,0.000,0.000,0.000,1.000	GTGGTGGTGGCGGGCGGGTAGGGGTGTGGG
ENST00000370321	570	600	0.738368993588	0.616,0.855,0.028,0.028,0.000,0.000,0.000,0.102,0.558,0.000,0.000,0.000,0.115,0.066,0.000,0.090,0.000,0.000,0.173,0.000,0.550,0.760,0.003,0.000,0.213,0.052,0.002,0.005,0.365,0.046	GGTGCCCTGAAGGGAGCTGTGGATGGAGGC
ENST00000295666	291	321	0.659820873243	0.645,0.000,0.691,0.000,0.725,0.000,0.000,0.000,0.000,0.623,0.000,0.254,0.000,0.000,0.079,0.000,0.136,0.000,0.651,0.000,1.000,0.372,0.000,0.245,0.283,0.000,0.000,1.000,0.979,0.356	GTGCGTGAAGAGCCGCAAGAGGCGGAAGGG
