ENST00000355937	1797	1827	0.740762423417	0.032,0.000,0.990,0.713,0.000,0.000,0.000,0.000,0.000,0.000,0.000,0.000,0.000,0.000,0.297,0.000,0.000,0.000,0.000,0.127,0.103,0.946,0.034,0.058,0.045,1.000,1.000,1.000,1.000,0.000	TGGGGAAGAACAAGCATAATGGTAGGGGGA
ENST00000355937	1774	1804	0.804183467742	NULL,NULL,NULL,NULL,NULL,NULL,NULL,NULL,NULL,NULL,NULL,NULL,NULL,NULL,NULL,NULL,NULL,NULL,0.016,0.000,0.000,0.000,0.233,0.032,0.000,0.990,0.713,0.000,0.000,0.000	GCCACTGCAGGATTTGGGGGCGGTGGGGAA
ENST00000355937	84	114	0.862528344671	NULL,NULL,NULL,NULL,NULL,NULL,0.000,0.000,0.000,0.000,0.041,0.000,0.000,0.064,0.000,0.102,0.000,0.000,0.000,0.000,0.000,0.000,0.000,0.000,0.000,0.000,0.000,0.087,0.000,0.000	CGGCTGGGGTGCTGGGGGCGGGGCAGGGGC
ENST00000369496	717	747	0.681873987134	NULL,NULL,0.000,0.421,0.868,0.000,0.000,0.000,0.000,0.048,0.756,0.000,0.294,0.000,0.000,0.000,0.501,0.067,0.145,0.532,0.000,0.000,0.000,0.375,0.403,0.075,0.141,0.123,1.000,0.069	GGAGGAAGTTGTGGTTGGGGATCTGGTGGA
ENST00000304312	55	85	0.735753150057	NULL,NULL,NULL,NULL,NULL,NULL,NULL,NULL,NULL,NULL,NULL,NULL,NULL,NULL,0.236,0.146,0.000,0.000,0.088,0.000,0.000,0.211,0.000,0.067,0.115,0.000,0.000,0.000,0.060,0.823	GCAGGTTGTGCTTCCGGTGCGGAGGTCAGG
ENST00000356674	960	990	0.79655333567	0.110,1.000,0.319,0.001,0.001,0.000,0.066,0.000,0.000,0.035,0.000,0.113,0.103,0.082,0.635,0.156,0.102,0.024,0.000,0.000,0.000,0.000,0.047,0.034,0.000,0.000,0.025,0.000,0.000,0.000	TGGCAACCAGGGTGGGGGCTACGGAGGTGG
ENST00000356674	920	950	0.846621621622	0.000,0.002,0.000,0.000,0.002,0.000,0.045,0.018,0.000,0.000,0.000,0.000,0.000,0.000,0.232,0.101,0.000,0.000,0.000,0.000,0.016,0.002,0.000,0.061,0.005,0.000,0.005,0.302,0.093,0.004	GAGGAGGAAGAGGAGGATATGGTGGTGGAG
ENST00000253023	1202	1232	0.558952719732	1.000,0.790,0.733,0.000,0.000,0.000,0.073,1.000,0.298,0.000,0.000,0.077,0.115,0.154,0.875,1.000,1.000,1.000,0.359,0.156,0.038,0.000,NULL,NULL,NULL,NULL,NULL,NULL,NULL,0.389	GGGTAGGGGTTTGGGGGGCGGCCGGTGGGG
ENST00000249014	1912	1942	0.759551687893	0.546,0.141,0.000,0.061,0.000,0.000,0.160,0.000,0.000,0.000,0.000,0.000,0.000,0.099,0.079,0.000,0.000,0.000,NULL,NULL,NULL,NULL,NULL,NULL,NULL,NULL,0.920,0.407,1.000,0.306	AAGCGGCCCGTGGGGGGTGGGGGGCAGGGA
ENST00000377687	283	313	0.839678030303	0.086,0.108,0.000,0.000,0.000,0.000,0.000,0.000,0.000,0.000,0.000,0.000,0.020,0.000,0.000,0.000,0.000,0.143,0.123,0.000,0.000,0.000,0.000,0.040,0.368,0.031,0.000,0.000,0.020,0.469	GAGCCTGAGAGCACGGTGGGGCGGGGCGGG
ENST00000350669	646	676	0.833639231431	0.000,0.000,0.000,0.000,0.000,0.508,0.033,0.000,0.534,0.000,0.000,0.000,0.000,0.247,0.000,0.000,0.000,0.000,0.021,0.000,0.000,0.000,0.000,0.000,0.210,0.000,1.000,0.199,0.735,0.000	CAGCAGCTGCCATGGATGGATTTTGGGGGA
ENST00000394936	2673	2703	0.718863453244	0.000,0.000,0.000,0.000,0.000,0.000,0.000,0.088,0.000,0.000,0.000,0.000,0.218,0.000,0.100,0.390,0.013,0.000,0.292,1.000,1.000,0.251,0.000,0.000,0.115,0.467,0.211,1.000,1.000,0.888	GGGTGTGGATTGGATGCTGGGGTGTGGGGG
ENST00000394936	2385	2415	0.865537432037	0.000,0.000,0.000,0.000,0.000,0.000,0.000,0.000,0.000,0.000,0.000,0.000,0.000,0.000,0.000,0.000,0.000,0.000,0.000,0.000,0.000,0.000,0.000,0.224,0.000,0.101,0.505,0.796,1.000,0.562	TTGTTTGGGGTTCTGTGGGTTTGGGTGGGA
ENST00000394936	1706	1736	0.818608953015	0.152,0.000,0.000,0.000,0.000,0.000,0.163,0.036,0.000,0.000,0.036,0.050,0.000,0.000,0.000,0.000,0.000,0.000,0.000,0.000,0.000,0.010,0.323,0.489,0.050,0.080,1.000,0.000,0.077,0.237	GCAAACGCCATGTGTGGAACTAGGAGGAGG
ENST00000258739	1574	1604	0.755615172517	0.000,0.000,0.000,0.000,0.000,0.000,0.000,0.000,0.000,0.048,0.111,1.000,0.111,0.146,0.000,0.063,0.032,0.097,0.051,0.000,0.015,0.000,0.225,0.351,0.088,0.110,0.037,NULL,NULL,NULL	GCTTTCCATCTGAGTGTGGGATGGGAGGGG
ENST00000340857	159	189	0.843775100402	0.000,0.000,0.000,0.000,0.000,0.000,0.000,0.000,0.000,0.000,0.000,0.000,0.000,0.000,0.000,0.000,0.040,0.035,0.000,0.142,0.000,0.058,0.113,0.000,0.000,0.244,0.044,0.097,0.759,0.377	GGCAGAGGAGGCGGAGGCAGAGGCAGAGGC
ENST00000340857	1282	1312	0.814498866784	NULL,NULL,NULL,NULL,NULL,NULL,NULL,NULL,0.153,0.000,0.000,NULL,0.000,0.000,0.000,0.000,0.000,0.000,0.000,NULL,NULL,0.000,0.000,0.000,0.173,0.018,0.000,1.000,1.000,1.000	ACTTACGGGGTTAGGGATTTGCGGGGGGGG
ENST00000340857	1331	1361	0.767614590833	0.000,1.000,0.000,0.000,0.000,0.000,0.000,0.000,0.000,0.000,0.109,0.000,0.000,0.000,0.000,0.000,0.000,0.000,0.000,0.828,0.237,0.000,0.260,0.000,0.758,0.182,0.536,0.130,1.000,0.516	TGTTTGCCATGAAGGTAGATGTGGGTGGGG
ENST00000340857	1515	1545	0.763098651375	0.688,0.080,0.132,0.008,0.000,0.000,0.000,0.000,0.000,0.230,0.168,0.000,0.144,0.102,0.052,0.019,0.000,0.000,0.080,0.194,0.000,0.000,0.473,0.009,0.000,0.000,0.038,0.000,0.000,0.722	GAGCAGCCAGCCGGCAAAGGAAGGAGGGGG
ENST00000292431	3281	3311	0.873232758621	0.000,0.067,0.000,0.000,0.000,0.000,0.000,0.000,0.000,0.000,0.000,NULL,NULL,NULL,NULL,0.350,0.000,0.000,0.069,0.001,0.045,0.000,NULL,0.001,0.000,0.000,0.024,0.254,1.000,0.045	GGCAGGGGGATTTTAGGAGATGGGGTGGGG
ENST00000292431	3940	3970	0.832899982666	NULL,NULL,NULL,0.000,0.000,0.000,0.088,0.934,0.323,0.172,0.064,0.023,0.000,0.000,0.067,0.000,0.000,0.000,0.001,0.304,0.565,0.023,0.000,0.000,0.000,0.000,0.000,0.000,0.000,0.000	GGGAGAAGGGTCGGGCAGGGGGTGCAGGGG
ENST00000302182	326	356	0.624213954654	0.047,0.000,0.000,0.479,0.000,0.312,0.205,0.073,0.000,0.083,0.015,0.401,0.299,1.000,0.664,0.359,0.013,0.097,0.375,0.039,0.022,0.329,0.087,0.166,0.083,0.000,0.032,0.048,0.083,0.011	TTTGTGTCCCTGTGGGTGGACGTGGTTGGT
ENST00000336812	38	68	0.86731824417	0.038,0.000,0.000,0.038,0.265,0.038,0.038,0.000,0.000,0.000,0.000,0.000,0.000,0.000,0.000,0.000,0.000,0.000,0.000,0.000,0.000,0.000,0.000,0.158,0.000,0.028,0.000,0.118,1.000,0.223	GTGTGGGCTGTAGTAGCGGGAGGGGTGGGG
ENST00000378024	17126	17156	0.913632958801	0.000,0.000,0.000,0.000,0.000,0.000,0.000,0.000,0.000,0.000,0.459,0.000,0.000,0.000,0.000,0.000,0.000,0.000,0.068,0.000,0.000,0.000,0.000,0.000,0.000,0.222,0.000,0.000,0.141,0.000	CATTTCTCAGGACCAAAGGTGGAAGGAGGT
ENST00000378024	1062	1092	0.785311729482	0.000,0.065,0.000,0.000,0.000,0.000,0.000,0.000,0.000,0.000,0.000,0.000,0.000,0.000,0.000,0.000,0.000,0.310,0.000,0.000,0.000,0.471,0.350,0.099,1.000,0.000,0.383,1.000,1.000,1.000	AGGGCTTGGACTTGGGTGGCAGAGGAGGGG
ENST00000565493	4388	4418	0.674500724943	0.233,0.000,0.000,0.000,0.882,0.000,0.000,0.000,0.000,0.000,0.006,0.000,0.000,0.000,0.063,0.464,0.880,0.421,0.114,0.115,0.000,0.000,0.271,0.798,0.433,0.225,0.093,0.342,0.787,1.000	GAGGGAGAAGAGGAAGGGTGAAGGGAAGGG
ENST00000565493	4384	4414	0.721392558555	0.084,0.228,0.006,0.000,0.233,0.000,0.000,0.000,0.882,0.000,0.000,0.000,0.000,0.000,0.006,0.000,0.000,0.000,0.063,0.464,0.880,0.421,0.114,0.115,0.000,0.000,0.271,0.798,0.433,0.225	GGAAGAGGGAGAAGAGGAAGGGTGAAGGGA
ENST00000565493	4114	4144	0.731545102185	NULL,NULL,NULL,NULL,NULL,NULL,0.000,0.000,0.025,0.000,0.000,0.265,0.000,0.000,0.000,0.017,0.000,0.029,0.163,0.045,0.000,0.259,0.619,0.360,0.066,0.011,0.141,0.100,0.822,0.862	GGTGGGCAGAGGAGGTATGCAGGGAGAGGG
ENST00000565493	4108	4138	0.755580496321	NULL,NULL,NULL,NULL,NULL,NULL,NULL,NULL,NULL,NULL,NULL,NULL,0.000,0.000,0.025,0.000,0.000,0.265,0.000,0.000,0.000,0.017,0.000,0.029,0.163,0.045,0.000,0.259,0.619,0.360	AGGGGGGGTGGGCAGAGGAGGTATGCAGGG
ENST00000565493	3469	3499	0.883856749311	0.000,0.000,0.000,0.000,0.000,0.000,0.000,0.000,0.000,0.000,0.000,0.000,0.349,0.122,0.028,0.000,0.000,0.000,0.000,0.000,0.000,0.000,0.000,0.168,0.000,0.000,0.465,0.000,0.000,0.078	TAGCTGTCCACGGGGTTGGTAGAGGTGGGA
ENST00000565493	2511	2541	0.831510706083	0.000,0.000,0.000,0.000,0.152,0.000,0.000,0.000,0.000,0.000,0.000,0.000,0.000,0.000,0.140,0.000,1.000,0.000,0.324,0.000,0.000,0.000,0.000,0.000,0.000,0.044,0.089,1.000,0.750,1.000	AATTGTTGAACCACCTGGGAGGTGGGAGGG
ENST00000565493	1329	1359	0.776923076923	0.000,0.000,0.000,0.000,0.000,0.000,0.000,0.000,0.000,0.000,0.000,1.000,0.000,0.000,0.000,0.098,0.467,0.013,0.123,0.000,0.000,0.000,0.000,0.835,0.000,0.207,0.485,1.000,0.609,1.000	CAGTGGTTCAGGGGAGGAGAGAGGAGGGGG
ENST00000565493	343	373	0.739367560846	0.000,0.063,1.000,0.203,0.000,0.000,0.000,0.000,0.000,0.000,0.000,0.000,0.197,0.075,0.022,0.000,0.008,0.000,0.222,0.223,0.008,0.431,0.000,0.044,0.137,0.000,0.542,0.861,1.000,0.593	TTGGGCGGCGCTGGGCGTGGTGGGCCGGGA
ENST00000322723	2322	2352	0.623024231527	0.130,0.194,0.155,0.000,0.067,1.000,0.000,1.000,1.000,0.193,0.144,1.000,0.450,0.309,0.187,0.121,0.035,0.000,0.071,0.036,0.021,0.862,0.052,0.037,0.000,0.074,0.106,0.000,0.277,0.265	AGGAGGAGGAGGTGACCACAAGCCACAAGG
ENST00000322723	2304	2334	0.595997053045	0.168,0.000,0.143,0.000,0.000,0.000,0.024,0.024,0.264,0.127,0.531,0.521,0.147,0.273,0.580,0.185,0.000,0.274,0.130,0.194,0.155,0.000,0.067,1.000,0.000,1.000,1.000,0.193,0.144,1.000	AGGCTTCCGAGGAGGCAGAGGAGGAGGAGG
ENST00000322723	1020	1050	0.680417991822	0.065,0.562,0.093,0.000,0.553,0.000,0.000,0.192,0.038,0.179,0.066,0.000,0.000,0.145,0.000,0.000,0.412,0.019,0.000,0.745,0.000,0.000,0.005,0.301,0.000,0.558,0.089,0.074,0.166,0.140	TGATGAGGAGGAGGAAGAAGAGGAGGAGGA
ENST00000252999	2909	2939	0.841877104377	0.000,0.000,0.000,0.000,0.000,0.000,0.000,0.000,0.047,0.112,1.000,0.449,0.249,0.000,0.000,0.000,0.000,0.000,0.000,0.000,0.248,0.000,0.000,0.083,0.000,0.000,0.171,0.000,0.000,0.809	TGCGAGAGGAGGGCAGGTCGGCCACCTGCG
ENST00000252999	2900	2930	0.837751108792	1.000,0.663,0.065,0.000,0.000,0.000,0.000,0.000,0.000,0.000,0.000,0.000,0.000,0.000,0.000,0.000,0.000,0.047,0.112,1.000,0.449,0.249,0.000,0.000,0.000,0.000,0.000,0.000,0.000,0.248	GGGTCTCTGTGCGAGAGGAGGGCAGGTCGG
ENST00000262056	1023	1053	0.839238170555	0.000,0.000,0.000,0.000,0.061,0.032,0.076,0.000,0.000,0.000,0.000,0.000,0.000,0.000,0.000,0.000,0.043,0.000,0.000,0.112,0.168,0.380,0.460,0.000,0.000,0.000,0.000,0.154,0.043,1.000	ATCGGGATGGGTATCGGGATGGGTATCGGG
ENST00000262056	2500	2530	0.745151231681	0.994,1.000,0.047,0.000,0.000,0.000,0.000,0.036,0.000,0.000,0.000,0.000,0.000,0.000,0.000,0.000,0.000,0.000,0.000,0.169,0.377,0.146,0.356,0.000,0.327,0.322,1.000,0.109,0.258,0.204	GGAACCTGGTTGGGCAGTAGGGGAGGGAGG
ENST00000368010	117	147	0.725305688464	0.041,0.000,0.000,0.000,0.000,0.031,0.142,0.034,0.031,0.000,0.000,0.000,0.000,0.000,0.000,0.000,0.000,0.156,0.000,0.024,0.000,0.306,0.167,0.073,0.080,0.484,0.048,0.103,0.137,0.024	CAGCGGGAGCGGCGCGGGGAAGGGGGCGGT
ENST00000290158	3395	3425	0.767549480279	0.104,0.059,0.000,0.000,0.000,0.000,0.028,0.000,0.000,0.000,0.000,0.307,0.000,0.000,0.038,0.160,0.344,0.000,0.000,0.010,0.000,0.247,0.870,0.052,0.087,0.000,0.129,0.247,1.000,1.000	GCCTGGTTTGGGGGAGGAGGAGGGACTGGG
ENST00000302754	624	654	0.71847894406	0.005,0.141,0.000,1.000,0.000,0.000,0.025,0.711,0.077,0.000,0.004,0.071,0.000,0.000,0.000,0.140,0.000,1.000,0.933,0.092,0.000,0.107,0.000,0.127,0.297,0.265,1.000,0.145,0.224,0.000	AGCGGTGGAGGTGCAGGGGGCGCAGGGGGC
ENST00000302754	1643	1673	0.585070822444	0.048,1.000,1.000,0.590,1.000,1.000,0.232,0.000,0.081,0.333,0.296,1.000,0.058,0.040,0.000,0.000,0.297,0.510,1.000,1.000,0.120,0.004,0.143,0.124,0.107,0.204,0.066,0.026,0.000,0.052	GCGGGGACATTGGGAAGGGGACCCCCGCCC
ENST00000314940	1177	1207	0.718793214943	0.000,0.000,0.000,0.074,0.667,0.060,0.000,0.450,0.015,0.000,0.365,0.000,0.000,0.000,0.000,0.000,0.062,0.000,0.000,0.143,0.080,0.337,1.000,1.000,0.014,1.000,0.106,0.225,1.000,0.103	TACAGAGGCGGCTATGGCGGTGGGGGTGGC
ENST00000314940	1113	1143	0.616700382108	1.000,0.000,0.431,0.000,0.046,0.000,0.000,0.030,0.000,0.029,0.177,0.354,0.044,0.000,1.000,0.000,0.044,0.227,0.332,0.966,1.000,0.000,0.058,0.000,0.204,1.000,1.000,1.000,0.439,1.000	GAAGAGCGGCGGCGGCGGCGGCGGTGGAGG
ENST00000314940	999	1029	0.625856761748	0.000,0.000,0.000,0.059,0.000,0.000,0.000,0.000,0.000,0.000,0.000,0.000,0.064,0.359,0.128,0.330,0.559,0.883,0.126,0.217,0.538,0.104,1.000,1.000,0.922,1.000,1.000,0.089,0.368,1.000	CTACAATGCCTACGGAGGCGGCGGCGGCGG
ENST00000314940	399	429	0.671982605609	0.212,0.697,1.000,1.000,0.075,0.117,0.116,0.066,0.299,1.000,0.065,0.000,0.193,1.000,0.039,0.094,0.000,0.040,0.032,0.000,0.000,0.000,0.044,0.000,0.000,1.000,0.082,0.027,0.139,0.175	TGGGACTCTGACGGACTGCGTGGTGGTGGT
ENST00000314940	41	71	0.644468939009	0.021,0.470,0.000,0.013,0.046,0.139,0.025,0.000,0.017,0.353,0.051,0.017,0.000,0.021,0.526,0.000,0.161,0.110,0.376,0.885,1.000,0.095,0.050,0.037,0.107,0.425,0.513,0.000,0.265,0.174	CGGAGGTGGCGGCGGCGGCGGTAGCGGTGG
ENST00000314940	39	69	0.677152197603	0.048,0.000,0.021,0.470,0.000,0.013,0.046,0.139,0.025,0.000,0.017,0.353,0.051,0.017,0.000,0.021,0.526,0.000,0.161,0.110,0.376,0.885,1.000,0.095,0.050,0.037,0.107,0.425,0.513,0.000	AGCGGAGGTGGCGGCGGCGGCGGTAGCGGT
ENST00000357214	2100	2130	0.863634184346	0.000,0.000,0.000,0.000,0.000,0.000,0.000,0.000,0.000,0.000,0.000,0.000,0.442,0.000,0.000,0.000,0.541,0.000,0.000,0.000,0.034,0.000,0.000,0.457,0.222,1.000,0.000,0.000,0.085,0.000	GGGCAGGGAGGTGCGGGGCCTGTGGGTGGA
ENST00000357214	2088	2118	0.936690403527	0.000,0.000,0.000,0.000,0.000,0.000,0.000,0.000,0.000,0.000,0.000,0.000,0.000,0.000,0.000,0.000,0.000,0.000,0.000,0.000,0.000,0.000,0.000,0.000,0.442,0.000,0.000,0.000,0.541,0.000	ACTGAGCGCTTTGGGCAGGGAGGTGCGGGG
ENST00000261623	69	99	0.844063377457	NULL,NULL,NULL,NULL,NULL,NULL,NULL,NULL,NULL,NULL,NULL,NULL,NULL,NULL,NULL,NULL,NULL,NULL,0.000,0.000,0.000,0.134,0.583,0.000,0.000,0.000,0.000,0.000,0.000,0.114	GCGGGGTTCGGCCGGGAGCGCAGGGGCGGC
ENST00000542575	850	880	0.644826539133	0.099,0.463,0.075,0.000,1.000,0.677,1.000,1.000,0.971,0.271,0.438,0.061,0.182,0.000,0.000,0.000,0.263,0.000,0.042,0.000,0.001,0.006,1.000,0.702,0.091,0.000,0.000,0.335,0.031,0.074	GGCCGGGGGTGCGCTGGCGTTGGGCCCGGA
ENST00000542575	844	874	0.576112674352	0.141,0.206,0.051,1.000,0.368,1.000,0.099,0.463,0.075,0.000,1.000,0.677,1.000,1.000,0.971,0.271,0.438,0.061,0.182,0.000,0.000,0.000,0.263,0.000,0.042,0.000,0.001,0.006,1.000,0.702	GTCGGGGGCCGGGGGTGCGCTGGCGTTGGG
ENST00000542575	828	858	0.614742014742	0.000,0.266,0.000,0.000,0.491,0.000,0.000,0.000,0.185,0.067,0.376,0.086,0.249,0.000,0.133,0.021,0.141,0.206,0.051,1.000,0.368,1.000,0.099,0.463,0.075,0.000,1.000,0.677,1.000,1.000	CGCTGGGACTGGGGGTGTCGGGGGCCGGGG
ENST00000261772	3038	3068	0.566437114897	0.000,0.982,0.000,0.000,0.000,0.156,1.000,0.113,0.082,0.116,0.000,0.526,0.314,1.000,0.633,1.000,0.897,0.191,0.108,0.060,0.000,0.310,0.506,0.000,1.000,1.000,0.087,0.618,0.337,0.000	TGTAAAGAACTGAGTGGGGAAGGAGGAGGC
ENST00000261772	1492	1522	0.753986459578	0.000,0.193,0.114,0.000,0.000,0.000,0.000,0.000,0.000,0.058,0.371,0.000,0.095,0.056,0.000,0.006,0.424,0.023,0.000,0.265,0.058,0.000,0.000,0.000,0.000,0.044,0.261,0.722,1.000,0.495	TGAAATCACAGGGCAAGGGAGCTGGTGGGG
ENST00000261772	79	109	0.684392048081	0.488,0.000,0.010,0.000,0.000,0.000,0.000,0.000,0.000,0.000,0.174,0.025,0.972,0.289,0.149,0.000,0.189,0.064,0.000,0.049,0.054,0.005,0.032,0.627,0.780,1.000,0.604,0.471,0.228,1.000	GGGGGACTCTGAGGGAGGAGCTGGGGACGG
ENST00000261772	76	106	0.738450109942	0.083,0.015,0.000,0.488,0.000,0.010,0.000,0.000,0.000,0.000,0.000,0.000,0.000,0.174,0.025,0.972,0.289,0.149,0.000,0.189,0.064,0.000,0.049,0.054,0.005,0.032,0.627,0.780,1.000,0.604	GGCGGGGGACTCTGAGGGAGGAGCTGGGGA
ENST00000309311	2894	2924	0.529822037511	0.000,0.000,0.000,0.000,0.002,0.052,0.221,0.011,0.086,0.873,0.672,0.109,0.000,0.274,0.137,1.000,0.447,0.264,0.612,1.000,1.000,1.000,1.000,0.368,0.386,0.000,0.158,0.840,1.000,1.000	TAATGGGCCGGTCGGGGAGGGGGAGGCGGG
ENST00000373312	82	112	0.866747769667	0.000,0.000,0.000,0.000,0.000,0.000,0.000,0.000,0.000,0.090,0.037,0.000,0.000,0.000,0.000,0.000,0.000,0.000,0.000,0.000,0.035,0.000,0.000,0.000,0.055,0.000,0.000,0.033,0.161,0.000	GCGGGAGCGGCGGGAGCGGCGGGAGCGGGG
ENST00000373316	532	562	0.819550396167	0.000,0.009,0.000,0.000,0.000,0.000,0.000,0.000,0.000,0.000,0.019,0.000,0.000,0.000,0.000,0.000,0.020,0.000,0.000,0.327,0.051,0.000,0.166,0.021,0.277,0.000,0.010,0.162,0.529,0.218	CCGCTTTCATGTGGAGGAAGAAGGGAAGGG
ENST00000373316	858	888	0.789674654198	0.060,0.022,0.000,0.030,0.066,0.572,0.022,0.848,0.129,0.107,0.586,0.035,0.000,0.000,0.014,0.000,0.000,0.048,0.000,0.000,0.557,0.301,0.000,0.006,0.006,0.000,0.000,0.000,0.000,0.013	TCAATGAGATGATTATTGGTGGTGGAATGG
ENST00000373316	1162	1192	0.699478351591	0.000,0.000,0.000,0.023,0.000,0.000,0.000,0.206,0.000,0.253,0.000,0.243,0.055,0.000,0.000,0.000,0.279,0.162,0.000,0.000,0.000,0.000,0.044,0.000,0.113,0.149,0.121,0.097,0.172,0.000	GCAGATTGTGTGGAATGGTCCTGTGGGGGT
ENST00000229390	197	227	0.646935503761	0.000,0.000,0.089,0.209,0.045,0.135,0.000,0.091,0.000,0.000,0.000,0.143,0.102,0.000,0.436,0.181,0.000,NULL,NULL,NULL,NULL,NULL,NULL,NULL,NULL,NULL,NULL,NULL,NULL,NULL	CGGACGAGCGCGGCGGCGAGGGCGACGGGC
ENST00000254322	46	76	0.760260586319	0.125,0.209,0.051,0.015,0.098,0.000,0.000,0.000,0.000,0.000,0.000,0.000,0.009,0.024,0.000,0.000,0.000,0.000,0.000,0.115,0.073,0.208,0.051,0.234,0.000,0.000,0.000,0.016,0.000,0.000	GGTCGGCGGGCCGCAGGAGGGGGTCATGGG
ENST00000621592	93	123	0.871941858566	0.000,0.000,0.000,0.000,0.000,0.000,0.000,0.000,0.000,0.000,0.000,0.000,0.000,0.000,0.000,0.691,0.112,0.000,0.005,0.025,0.045,0.000,0.304,0.065,0.000,0.000,0.025,0.000,0.706,0.063	GCTTGGCGGGAAAAAGAACGGAGGGAGGGA
ENST00000353999	1399	1429	0.746913580247	0.156,0.000,0.034,0.000,0.000,0.195,0.070,0.166,1.000,0.616,0.000,0.000,0.000,0.000,0.000,0.035,0.036,0.000,0.000,0.008,0.131,0.217,0.000,0.225,0.108,0.000,0.000,0.113,0.615,1.000	GAAAGGGGGGGCTATGGAAGAGCGGTAGGG
ENST00000615959	5	35	0.900544764838	NULL,0.000,0.000,0.000,0.000,0.213,0.000,0.000,0.000,0.000,0.000,0.000,0.000,0.063,0.000,0.000,0.416,0.490,0.000,0.000,0.027,0.000,0.000,0.000,0.000,0.000,0.000,0.000,0.000,0.000	CTGCGGCGGCGGTGGTGGGGGGAGCCGCGG
ENST00000615959	112	142	0.711260971955	0.074,0.000,0.001,0.000,0.033,0.117,0.010,0.000,0.000,0.003,0.018,0.252,0.062,0.016,0.061,0.049,0.070,0.058,0.022,0.000,0.005,0.093,0.000,0.003,0.444,0.128,0.005,0.000,0.000,0.033	CGGCTGCGGTCGGCCGCGCTCGAGGGGTCC
ENST00000593829	580	610	0.710116438033	0.055,0.533,0.000,0.000,0.430,0.000,0.000,0.000,0.000,0.000,0.262,0.000,0.000,0.000,0.060,0.000,0.000,0.000,0.000,0.792,0.121,0.000,0.000,0.499,0.300,1.000,1.000,0.758,1.000,0.261	AGGTGTGTTTGGTGGCCGGGGCCGAGGTGG
ENST00000593829	191	221	0.683604091456	0.021,0.000,0.000,0.000,0.000,0.000,0.679,0.000,0.000,0.000,0.000,0.086,0.127,0.013,0.129,0.000,0.043,0.041,0.056,0.199,0.141,0.085,0.028,0.113,0.155,0.083,0.000,0.000,0.163,0.054	CGCCGGGAGCGTGTGCAGCGGCGGCGGCGG
ENST00000366672	176	206	0.655379476976	0.028,0.498,NULL,NULL,NULL,NULL,NULL,NULL,0.334,0.253,NULL,0.029,0.033,0.194,0.139,0.055,0.000,0.192,0.000,0.000,0.000,0.004,0.000,NULL,NULL,NULL,NULL,NULL,NULL,NULL	GGGCGGCGGCGCCGGCAGGAAGGAGGACTG
ENST00000296417	124	154	0.648786264062	0.000,0.034,0.000,0.103,0.155,0.000,0.120,0.000,0.049,0.000,0.000,0.110,0.007,0.000,0.110,0.000,0.000,0.171,0.000,0.000,0.132,0.035,0.018,0.144,0.090,0.069,0.572,0.200,0.125,0.008	CGCGGTGCGACGAAGGAGTAGGTGGTGGGA
ENST00000005178	2193	2223	0.700309187279	NULL,NULL,NULL,NULL,NULL,NULL,0.070,0.000,0.000,0.000,0.000,0.000,0.365,0.176,1.000,0.196,0.043,0.179,0.000,0.025,0.043,0.280,0.101,0.490,0.083,0.000,0.026,0.000,0.319,0.000	TGCACTGAACTCGGGATGTTGGGGATTGGA
ENST00000396386	101	131	0.670830956456	0.026,0.000,0.006,0.006,0.096,0.080,0.352,0.040,0.019,0.033,0.069,0.169,0.261,0.026,0.310,0.026,0.016,0.040,0.000,0.020,0.000,0.020,0.010,0.000,0.010,0.010,0.000,0.021,0.065,0.022	ACCCGCGACCCGGAGCAGCTCGGAGGCGGT
ENST00000540200	43	73	0.810583187669	NULL,0.000,0.000,0.000,0.000,0.000,0.000,0.000,0.000,0.000,0.000,0.000,0.000,0.000,0.055,0.000,0.110,0.028,0.000,0.000,0.000,0.000,0.000,0.028,0.000,0.000,0.028,0.049,0.109,0.027	GTCAGCAGCCGGGCGGGCGCTCGGGCGGGA
ENST00000209875	5633	5663	0.803834721446	NULL,NULL,NULL,NULL,0.000,0.529,0.721,0.000,0.063,0.188,1.000,0.370,0.000,0.000,0.014,0.204,0.000,0.000,0.000,0.000,0.000,0.000,0.000,0.000,0.000,0.000,NULL,NULL,NULL,NULL	GGGTTGGAGGGATCTGTGTTTGGCCCGGGG
ENST00000355653	2433	2463	0.923835450696	0.000,0.000,0.000,0.000,0.000,0.000,0.000,0.000,0.377,0.000,0.000,0.000,0.000,0.000,0.000,0.000,0.000,0.000,0.000,0.000,0.000,0.000,0.010,0.010,0.000,0.000,0.000,0.173,1.000,0.083	GTTTACATGGGTGGGGAGATGGAGCAGGGA
ENST00000409115	364	394	0.932151300236	0.000,0.006,0.000,0.000,0.000,0.000,0.000,0.000,0.000,0.000,0.000,0.000,0.000,0.000,0.006,0.000,0.000,0.000,0.000,0.000,0.000,0.000,0.000,0.000,0.000,0.000,0.209,0.000,0.057,0.427	AGGAAGAAGGTGGGGAGGAAGAGGAGGAGG
ENST00000252818	113	143	0.796300008352	0.099,0.000,0.210,0.336,1.000,0.150,0.037,0.000,0.635,0.021,0.025,0.116,0.000,0.287,0.000,0.000,0.000,0.000,0.000,0.000,0.000,0.000,0.000,0.060,0.078,0.000,0.000,0.000,0.937,0.000	GCCGGCGCGGCGGGGGAGGCGGAGGATGGA
ENST00000216281	223	253	0.687748813706	1.000,0.061,0.045,0.000,0.000,0.000,0.046,0.488,0.000,0.000,0.000,0.000,0.000,0.032,0.127,0.420,0.000,0.015,0.458,0.389,0.000,0.081,0.277,0.063,0.100,0.194,0.064,0.370,1.000,0.179	GACCCAAGACCAACCGATGGAGGAGGAGGA
ENST00000345046	309	339	0.744094368341	0.000,0.000,0.363,0.000,0.000,0.000,0.285,0.187,0.000,0.070,0.000,0.000,0.000,0.040,0.000,0.000,0.006,0.000,0.020,0.034,0.222,0.013,0.183,0.054,0.155,0.699,0.773,1.000,0.209,0.067	TGTGGGAGAGTTCTGTTGCTGCGGCGGGGC
ENST00000306442	788	818	0.738427216955	0.322,0.130,0.182,0.234,0.197,0.068,0.000,0.000,0.000,0.000,0.000,0.000,0.000,0.000,0.000,0.000,0.000,0.000,0.000,0.000,0.075,0.096,NULL,NULL,NULL,NULL,NULL,NULL,NULL,NULL	AGGGGTGTGTGTGTGTGTGTGTGTGTGTGT
ENST00000239223	23	53	0.758418961502	0.000,0.054,0.000,0.010,0.010,0.000,0.001,0.000,0.001,0.194,0.005,0.000,0.000,0.257,0.125,0.020,0.318,0.068,0.000,0.015,0.000,0.015,0.351,0.005,0.000,0.005,0.000,0.544,0.324,0.111	TGCGACGCGGGTCGGAGGGGCAGTCGGGGG
ENST00000336458	329	359	0.627383077472	0.000,0.093,0.146,0.000,0.007,0.157,0.433,0.089,0.026,0.013,0.043,0.244,0.090,0.815,0.570,0.128,0.103,0.007,0.010,0.019,0.061,0.219,0.045,0.037,0.032,0.538,0.581,0.895,0.123,0.078	CGGTTGGGCTCGCGGCGAGCGGACGGGGTC
ENST00000217402	174	204	0.7783520827	0.000,0.030,0.000,0.119,0.060,0.044,0.000,0.000,0.000,0.000,0.000,0.000,NULL,NULL,NULL,NULL,NULL,NULL,NULL,NULL,NULL,NULL,NULL,NULL,NULL,NULL,NULL,NULL,NULL,0.000	TTCGGGAAGCTGTTCGGGGCTGGAGGGGGT
ENST00000303305	359	389	0.807833537332	0.044,1.000,0.045,0.082,0.063,0.051,0.000,0.063,0.000,0.221,0.000,0.000,0.000,0.000,0.000,0.108,0.000,0.000,0.000,NULL,NULL,NULL,NULL,NULL,NULL,NULL,NULL,NULL,NULL,NULL	AGGGAGACAGAGGCGGCGGCGGCTCAGGGG
ENST00000286091	2170	2200	0.667512652013	0.000,0.000,0.584,0.063,0.000,0.000,0.000,0.066,0.000,0.329,0.733,0.000,0.000,0.000,0.250,0.025,0.000,0.124,0.000,0.023,0.000,1.000,0.320,1.000,1.000,1.000,0.154,0.953,1.000,0.202	AAGGCCTGAGGTCTGCGGAAGGTGGGAGGA
ENST00000355415	47	77	0.895184490306	0.000,0.000,0.000,0.000,0.000,0.000,0.000,0.000,0.000,0.000,0.000,0.000,0.000,0.000,0.000,0.000,0.044,0.000,0.037,0.014,0.082,0.000,0.014,0.022,0.029,0.000,0.000,0.223,1.000,0.667	GGGACGCGGGGTGCCCGGCGCGTGGTGGGG
ENST00000355415	45	75	0.867885304659	0.000,0.000,0.000,0.000,0.000,0.000,0.000,0.000,0.000,0.000,0.000,0.000,0.000,0.000,0.000,0.000,0.000,0.000,0.044,0.000,0.037,0.014,0.082,0.000,0.014,0.022,0.029,0.000,0.000,0.223	GCGGGACGCGGGGTGCCCGGCGCGTGGTGG
ENST00000355415	40	70	0.85873015873	0.000,0.075,0.000,0.007,0.000,0.000,0.000,0.000,0.000,0.000,0.000,0.000,0.000,0.000,0.000,0.000,0.000,0.000,0.000,0.000,0.000,0.000,0.000,0.044,0.000,0.037,0.014,0.082,0.000,0.014	AGAGAGCGGGACGCGGGGTGCCCGGCGCGT
ENST00000394440	949	979	0.707098875602	NULL,NULL,NULL,0.099,0.024,0.668,0.000,0.000,0.000,0.000,0.000,0.639,0.000,0.301,0.000,0.000,0.421,0.000,0.000,0.164,0.047,0.095,0.046,0.478,0.196,0.099,0.000,NULL,0.147,0.024	TTGATGACTGTGAGTTGGTGGAAGGGCTGG
ENST00000175091	368	398	0.78932972648	0.000,0.118,0.000,0.000,0.000,0.000,0.000,0.000,0.004,0.000,0.000,0.000,0.000,0.000,0.129,0.491,0.039,0.311,0.017,0.004,0.000,0.000,0.204,0.504,0.017,0.229,0.066,0.000,0.085,0.000	AGCTGGCAGGGGCACGAGCCGGGGGCGGGT
ENST00000300026	736	766	0.661735700197	0.000,0.039,0.000,0.000,0.022,0.134,0.000,0.000,0.000,0.000,0.067,0.076,0.000,0.073,0.000,0.024,0.024,0.033,0.003,0.169,0.031,0.141,0.081,0.000,0.000,0.103,0.144,0.000,0.019,0.000	TAGAGGGCATGGAGGTGGTGCGGAAGGTGG
ENST00000357037	2223	2253	0.82972972973	0.000,0.016,0.037,0.000,0.000,0.000,0.129,0.000,0.182,1.000,0.648,0.000,0.000,0.000,0.000,0.036,0.000,0.000,0.000,0.000,0.000,0.000,0.000,0.000,0.000,0.432,0.000,0.096,0.142,0.464	GAGGGGTGGGGAACGACATGCATGTGAGGG
ENST00000357037	2204	2234	0.897057902973	0.000,0.000,0.000,0.000,0.000,0.000,0.000,0.000,0.090,0.000,0.000,0.000,0.000,0.000,0.028,0.000,0.000,0.000,0.000,0.000,0.016,0.037,0.000,0.000,0.000,0.129,0.000,0.182,1.000,0.648	CAAGAGAAGCCCTGGGAAGGAGGGGTGGGG
ENST00000615535	55	85	0.950418160096	0.000,0.000,0.000,0.000,0.000,0.000,0.000,0.000,0.000,0.000,0.000,0.000,0.000,0.000,0.000,0.000,0.000,0.000,0.000,0.042,0.000,0.000,0.000,0.000,NULL,NULL,NULL,0.206,0.000,0.000	CAGGGCAGAGAGGTGGGCGGCAGTTGGGGT
ENST00000343262	86	116	0.902889885401	0.000,0.000,0.000,0.000,0.000,0.000,0.002,0.018,0.010,0.000,0.003,0.000,0.004,0.051,0.000,0.000,0.000,0.000,0.000,0.004,0.000,0.000,0.000,0.000,0.000,0.013,0.000,0.035,0.129,0.400	GCCCGGGGGCCCTGGTGGCCCTGGGATGGG
ENST00000297293	3535	3565	0.840909090909	0.132,0.000,0.000,0.000,0.000,NULL,NULL,0.000,0.000,NULL,NULL,NULL,NULL,NULL,NULL,NULL,0.110,0.000,0.000,0.000,0.000,NULL,NULL,NULL,NULL,NULL,NULL,NULL,NULL,NULL	TCACAGAGGCACAGAAGTGACCCCTGAGAC
ENST00000348956	303	333	0.559797979798	0.070,0.000,0.020,0.000,0.000,0.021,0.084,0.042,0.021,0.114,0.021,0.000,0.021,0.043,0.000,0.000,0.022,0.000,0.023,0.068,0.000,0.056,0.000,0.046,0.071,0.010,0.024,0.000,0.024,0.024	GCTGCCGACGGACGGAGCGCCCCCGCCCCC
ENST00000326739	988	1018	0.659214903526	NULL,NULL,NULL,NULL,NULL,NULL,NULL,NULL,NULL,NULL,NULL,NULL,NULL,NULL,NULL,0.000,0.000,0.016,0.426,0.472,0.339,0.032,0.016,0.000,0.000,0.000,0.077,0.383,0.213,0.030	GGTGTGGATGCCCTGCGGGTGGGCATGGGA
ENST00000396033	910	940	0.720039761431	1.000,0.071,0.012,0.000,0.000,0.000,0.074,0.805,0.343,0.083,0.632,0.084,0.024,0.000,0.000,0.000,0.000,0.074,0.000,0.062,0.073,0.183,0.305,0.000,0.036,0.049,0.197,0.000,0.086,0.837	GCAGTTTGTGGATCACTGATTGGCTGGAGG
ENST00000234111	178	208	0.885144927536	0.000,0.000,0.025,0.230,0.014,0.022,0.000,0.000,0.000,0.033,0.000,0.000,0.022,0.000,0.000,0.011,0.000,0.000,0.000,0.000,0.000,0.000,0.000,0.000,0.011,0.000,0.000,0.000,0.000,0.000	TCAGTCCCTCCTGTAGCCGCCGCCGCCGCC
ENST00000316448	1251	1281	0.748839895013	0.103,0.381,0.000,0.000,0.122,0.098,0.308,0.044,0.000,0.000,0.118,0.015,0.001,0.000,0.000,0.000,0.455,0.066,0.117,0.008,0.000,0.000,0.000,0.000,0.000,0.122,0.000,0.092,1.000,0.125	GGATGAGGAGGATGAGGAGGACAAGGAGGA
ENST00000316448	1260	1290	0.710220081232	0.000,0.118,0.015,0.001,0.000,0.000,0.000,0.455,0.066,0.117,0.008,0.000,0.000,0.000,0.000,0.000,0.122,0.000,0.092,1.000,0.125,0.002,0.186,0.106,0.095,0.213,0.000,0.268,0.405,0.135	GGATGAGGAGGACAAGGAGGAAGATGAGGA
ENST00000316448	1262	1292	0.708995799924	0.015,0.001,0.000,0.000,0.000,0.455,0.066,0.117,0.008,0.000,0.000,0.000,0.000,0.000,0.122,0.000,0.092,1.000,0.125,0.002,0.186,0.106,0.095,0.213,0.000,0.268,0.405,0.135,0.111,0.843	ATGAGGAGGACAAGGAGGAAGATGAGGAGG
ENST00000301015	5942	5972	0.901718213058	0.000,0.000,0.000,0.000,0.000,0.000,0.049,0.000,0.000,0.000,0.082,0.000,0.000,0.000,0.000,0.000,0.049,0.000,0.000,0.000,0.000,0.000,0.000,0.000,0.000,0.000,0.000,0.014,0.000,0.000	GGGAGGAAGAGAAAGAGGCCCCCACGGGGA
ENST00000301015	5921	5951	0.951257861635	0.000,0.000,0.163,0.000,0.000,0.000,0.000,0.000,0.000,0.000,0.000,0.000,0.000,0.000,0.000,0.000,0.000,0.000,0.000,0.000,0.000,0.000,0.000,0.000,0.000,0.000,0.000,0.049,0.000,0.000	AGGACAGGGAGGAAGAAGAGGGGGAGGAAG
ENST00000265462	103	133	0.862005386368	0.000,0.000,0.000,0.000,0.000,0.000,0.000,0.000,0.059,0.000,0.000,0.000,0.000,0.021,0.000,0.005,0.180,0.049,0.027,0.016,0.017,0.000,0.011,0.005,0.000,0.000,0.049,0.109,0.164,0.897	GAGTGGAAGTGGCCGTGGGGCGGGTATGGG
ENST00000261622	4454	4484	0.896534954407	0.000,0.000,0.000,0.000,0.000,0.000,0.000,0.000,0.000,0.000,0.000,0.000,0.000,0.000,0.000,0.000,0.289,0.222,0.000,0.000,0.000,0.141,0.000,0.006,0.000,NULL,NULL,NULL,NULL,NULL	CCTGTTACACTGGGCTGGGTTGGGTAGGGT
ENST00000261622	3905	3935	0.726124139774	0.000,0.000,0.000,0.060,0.000,0.076,0.069,0.388,0.341,0.790,0.630,0.010,0.012,0.000,0.000,0.405,0.000,0.002,0.000,0.138,0.104,0.353,0.004,0.000,0.000,0.000,0.019,0.060,0.749,0.779	TTGGTGGGGGGTCCAGTCTGTGATCCTTGG
ENST00000261622	3886	3916	0.802048303271	0.000,0.625,0.021,0.013,0.000,0.000,0.000,0.000,0.000,0.000,0.000,0.000,0.000,0.000,0.061,0.000,0.000,0.127,0.070,0.000,0.000,0.000,0.060,0.000,0.076,0.069,0.388,0.341,0.790,0.630	GGAGCTCCTCCGCAGAAGGTTGGTGGGGGG
ENST00000261622	2158	2188	0.770260763172	0.000,0.000,0.000,0.000,0.000,0.093,0.000,0.037,0.000,0.026,0.000,0.215,0.072,0.000,0.000,0.000,0.000,0.000,0.000,0.421,0.333,0.089,0.000,0.086,0.171,0.035,0.246,0.535,1.000,1.000	GGAGGGGGTGGGGGATCTGGGCAAGGTGGG
ENST00000261622	2142	2172	0.796035849707	0.000,0.000,0.000,0.000,0.000,0.183,0.016,0.182,0.000,0.053,0.090,0.000,0.000,0.000,0.000,0.000,0.000,0.000,0.000,0.000,0.000,0.093,0.000,0.037,0.000,0.026,0.000,0.215,0.072,0.000	CCGTAGGGTGGCACTGGGAGGGGGTGGGGG
ENST00000261622	106	136	0.766182298547	0.000,0.000,0.058,0.000,0.031,0.000,0.000,0.000,0.000,0.000,0.037,0.000,0.000,0.023,0.000,0.000,0.000,0.038,0.000,0.000,0.069,0.002,0.119,0.036,0.022,0.461,0.062,0.144,0.182,0.230	CGGCGGCCGAGGAGAAGGAAGAGGCGCGGG
ENST00000588301	293	323	0.654146537842	0.092,0.184,0.013,0.255,0.140,0.000,0.071,0.024,0.026,0.095,0.000,0.000,0.293,0.000,0.025,0.075,0.000,0.076,0.000,0.051,0.000,0.102,0.014,0.000,0.000,0.040,0.000,0.026,0.054,0.000	AGAGGAGCTGCAGAAGCGAGAGGAGGAGGA
ENST00000272233	1434	1464	0.836284829721	0.000,0.000,0.000,0.000,0.000,0.000,0.066,0.000,0.000,0.000,0.000,0.475,0.120,0.000,0.000,0.000,0.000,0.127,1.000,1.000,0.123,0.054,0.045,0.110,0.000,0.000,0.110,0.000,0.000,0.000	GGGAGGGGAGGGCTGCTGGGGAGGATGGGG
ENST00000304494	236	266	0.831147540984	0.000,0.000,0.218,0.034,0.000,0.000,0.000,0.000,0.000,0.000,0.000,0.000,0.002,0.034,0.082,0.015,0.000,0.000,0.000,0.000,0.000,0.000,0.000,0.000,0.000,0.000,0.042,0.154,0.024,0.066	AGGGGGAGAGCAGGCAGCGGGCGGCGGGGA
ENST00000307365	45	75	0.60372037601	0.072,0.000,0.005,0.040,0.104,0.849,0.840,1.000,0.669,0.383,0.415,0.138,0.006,0.017,0.025,0.020,0.264,0.301,0.016,0.048,0.175,0.086,0.166,1.000,0.302,0.038,0.024,0.086,0.198,0.266	GGTCTGGGCGGCTCTCGGTGGTTGGCACGG
ENST00000307365	1006	1036	0.806137295875	0.108,0.021,0.000,1.000,0.035,0.468,0.000,0.000,0.000,0.762,0.136,0.107,0.000,0.000,0.000,0.000,0.000,0.000,0.000,0.000,0.000,0.000,0.091,0.000,0.017,0.009,0.000,0.109,0.444,1.000	ACTGAGGCAGCCACCTAAGGTGGAGGTGGG
ENST00000307365	1283	1313	0.795956160242	0.000,0.000,0.000,0.000,0.000,0.000,0.000,0.284,0.087,0.000,0.018,0.028,0.000,0.018,0.000,0.277,0.004,0.000,0.000,0.000,0.000,0.000,0.260,0.102,0.000,0.238,0.011,0.000,0.026,0.411	CAGAGCAGCCGGAGGGAGGGGGGAGGTCGG
ENST00000307365	1296	1326	0.791019937387	0.018,0.000,0.277,0.004,0.000,0.000,0.000,0.000,0.000,0.260,0.102,0.000,0.238,0.011,0.000,0.026,0.411,0.000,0.000,0.011,0.000,0.000,0.000,0.000,0.000,0.394,0.249,0.001,0.021,0.000	GGGAGGGGGGAGGTCGGAGGTCGTGGAGGT
ENST00000307365	1449	1479	0.717474437628	0.000,0.000,0.000,0.000,0.000,0.000,0.203,0.112,0.012,0.117,1.000,0.163,0.000,0.578,1.000,0.478,0.204,0.000,0.000,0.174,0.000,0.034,0.048,0.000,0.000,0.000,0.161,1.000,1.000,0.236	GTAAGAGTAGGAAGGGGTGGGTGTCAGGGA
ENST00000307365	1462	1492	0.693105986261	0.578,1.000,0.478,0.204,0.000,0.000,0.174,0.000,0.034,0.048,0.000,0.000,0.000,0.161,1.000,1.000,0.236,0.119,0.035,0.000,0.000,0.000,0.000,1.000,1.000,1.000,0.000,0.053,0.032,0.000	GGGGTGGGTGTCAGGGATCACTTGGGATCT
ENST00000307365	1563	1593	0.60938815648	0.110,0.000,0.000,0.000,0.000,0.000,0.000,0.171,0.000,0.000,0.000,0.000,0.286,0.043,0.000,0.874,0.130,0.231,0.125,1.000,1.000,1.000,0.484,1.000,1.000,1.000,1.000,1.000,0.324,0.069	GGCAGGGGAGGGGCTGAGAGGGTGGGGGCT
ENST00000329251	853	883	0.850350877193	0.037,0.000,0.000,0.209,0.000,0.000,0.055,0.000,0.000,0.000,0.000,0.000,0.000,0.000,0.000,0.000,0.000,0.000,0.000,0.041,0.206,0.160,0.000,0.000,0.000,0.000,0.000,0.000,0.000,0.052	GCAGAAGCCCCAGGCTGAGCGGAAGGAGGA
ENST00000373616	201	231	0.801483420593	0.000,0.000,0.034,0.058,0.000,0.000,0.000,0.000,0.000,0.000,0.000,0.000,0.000,0.000,0.000,0.036,0.000,0.036,0.036,0.252,0.000,0.000,0.000,0.000,0.000,0.432,0.062,0.165,0.178,0.239	CCGGAGCTCGCGGCGGAGCGGCGGCGGGGG
ENST00000257857	263	293	0.768542839275	0.115,0.031,0.140,0.011,0.032,0.000,0.003,0.022,0.007,0.003,0.076,0.000,0.000,0.022,0.000,0.000,0.000,0.000,0.011,0.000,0.000,0.023,0.000,0.000,0.012,0.000,0.000,0.000,0.025,0.000	CCCAGGCCCGGCAGCCATGGCGGTGGAAGG
ENST00000360110	4298	4328	0.606109655208	NULL,NULL,NULL,NULL,0.000,0.111,0.000,0.000,0.274,0.059,0.036,0.073,0.311,0.098,0.775,0.387,0.000,0.173,0.000,0.000,0.821,0.083,0.146,0.857,0.964,1.000,0.120,0.060,0.325,0.812	GTATAGAAGGTTTGGGGGCTGTGGGGAAGG
ENST00000252593	784	814	0.744491740144	0.000,0.000,0.000,0.028,0.000,0.000,0.000,0.000,0.000,0.005,0.000,0.000,0.169,0.000,0.174,0.397,1.000,0.785,0.020,0.019,0.020,0.000,0.107,0.858,0.063,0.147,1.000,1.000,0.786,0.000	GAAGTCCTGGGTGTGGGGACACAGTCGGGT
ENST00000252593	772	802	0.819715749463	0.125,1.000,0.212,0.032,0.005,0.000,0.000,0.005,0.000,0.097,0.000,0.000,0.000,0.000,0.000,0.028,0.000,0.000,0.000,0.000,0.000,0.005,0.000,0.000,0.169,0.000,0.174,0.397,1.000,0.785	AGGGGCCATGGGGAAGTCCTGGGTGTGGGG
ENST00000343242	20	50	0.764684466019	0.000,0.000,0.000,0.045,0.000,0.125,1.000,0.167,0.071,0.265,0.000,0.000,0.070,0.272,0.070,0.000,0.000,0.211,0.000,0.292,0.000,0.000,0.189,0.000,0.000,0.000,0.000,0.000,0.519,0.000	GGTGGCGGCGGGCGGCGCGGGGGCACTTGT
ENST00000343242	1770	1800	0.908602150538	0.000,0.000,0.094,0.000,0.000,0.000,0.000,0.000,0.000,0.000,0.000,0.000,0.000,0.000,0.000,0.000,0.000,0.000,0.034,0.000,0.000,0.506,0.093,0.000,0.234,0.000,0.000,0.000,0.000,0.000	AGGAGGACGTTGCGTGGAGTGGTGGGAGGA
ENST00000343242	1781	1811	0.861073825503	0.000,0.000,0.000,0.000,0.000,0.000,0.000,0.034,0.000,0.000,0.506,0.093,0.000,0.234,0.000,0.000,0.000,0.000,0.000,0.000,0.244,0.000,0.201,0.755,0.000,0.017,0.000,0.002,0.000,0.000	GCGTGGAGTGGTGGGAGGAGGCGGGAGCCG
ENST00000343242	1789	1819	0.854721701063	0.000,0.000,0.506,0.093,0.000,0.234,0.000,0.000,0.000,0.000,0.000,0.000,0.244,0.000,0.201,0.755,0.000,0.017,0.000,0.002,0.000,0.000,0.080,0.000,0.000,0.000,0.000,0.000,0.000,0.000	TGGTGGGAGGAGGCGGGAGCCGTGTGCGAG
ENST00000343242	1887	1917	0.67	0.000,0.000,0.000,0.000,0.000,0.000,0.000,0.000,0.000,0.000,0.000,0.000,0.000,0.000,0.000,0.000,0.000,NULL,NULL,NULL,NULL,NULL,NULL,NULL,NULL,NULL,NULL,NULL,0.000,0.000	CTGGCACTCCAGAGGGCGCGGCGGGTGGGG
ENST00000343242	1900	1930	0.911278195489	0.000,0.000,0.000,0.000,NULL,NULL,NULL,NULL,NULL,NULL,NULL,NULL,NULL,NULL,NULL,0.000,0.000,0.000,0.023,0.000,0.012,0.000,0.000,0.000,0.000,0.000,0.000,0.000,0.000,0.000	GGGCGCGGCGGGTGGGGAGGCAGCAGGCAC
ENST00000343242	1903	1933	0.91544991511	0.000,NULL,NULL,NULL,NULL,NULL,NULL,NULL,NULL,NULL,NULL,NULL,0.000,0.000,0.000,0.023,0.000,0.012,0.000,0.000,0.000,0.000,0.000,0.000,0.000,0.000,0.000,0.000,0.000,0.120	CGCGGCGGGTGGGGAGGCAGCAGGCACCAG
ENST00000303577	398	428	0.635962129224	0.097,0.282,1.000,0.442,0.351,0.121,0.000,0.000,0.000,0.049,0.000,0.000,0.084,0.006,0.481,0.305,0.029,0.554,0.051,0.460,0.000,0.395,0.000,0.034,0.000,0.079,0.054,0.181,1.000,0.564	AAGAGGATCCGCGAGGAGAGTGGCGCGCGG
ENST00000303577	666	696	0.710554877222	0.033,0.037,0.017,0.000,0.000,0.315,0.126,0.000,0.000,0.062,0.000,0.000,0.000,0.741,0.478,0.031,0.178,0.183,0.080,1.000,0.355,0.000,0.065,0.018,0.000,0.037,0.694,0.121,0.000,0.343	GTACGGGGGCGCAGGTCCAGGTGGCGGGGG
ENST00000306749	201	231	0.884697272122	0.000,0.000,0.054,0.000,0.000,0.079,0.000,0.000,0.000,0.000,0.000,0.000,0.000,0.000,0.000,0.080,0.000,0.054,0.000,0.000,0.000,0.000,0.000,0.234,0.000,0.000,0.000,0.000,0.000,0.000	GCCCTCACCAGAGCAGCCATGGAGGAGGTG
ENST00000272227	93	123	0.850628768303	0.000,0.000,0.000,0.015,0.028,0.047,0.301,0.032,0.000,0.000,0.011,0.003,0.000,0.004,0.000,0.000,0.000,0.000,0.006,0.000,0.000,0.056,0.016,0.000,0.019,0.002,0.034,0.175,0.296,0.890	CTGCAGGGCTGAAGCGGCGGCGGCGGTGGG
ENST00000272227	52	82	0.881746031746	0.032,0.000,0.000,0.000,0.000,0.000,0.000,0.000,0.000,0.000,0.000,0.000,0.000,0.000,0.000,0.000,0.000,0.000,0.000,0.000,0.000,0.110,0.058,0.027,0.005,0.000,0.000,0.008,0.012,0.000	CTGGGGCGGGACGTGGGCGCGGGGGCGCGG
ENST00000619580	442	472	0.821672816728	0.000,0.000,0.000,0.000,0.000,0.000,0.168,0.000,0.000,0.000,0.000,0.000,0.355,0.000,0.000,0.000,0.000,0.000,0.000,0.044,0.000,0.195,0.043,0.000,0.000,0.000,0.276,0.000,0.116,0.158	GTGGAGGAGGAGGAGAACGGGGCTGAGGAG
ENST00000336314	3138	3168	0.762701908957	0.000,NULL,NULL,NULL,NULL,NULL,0.061,1.000,0.404,0.544,0.092,0.000,0.000,0.148,0.020,0.113,0.000,0.000,0.000,NULL,0.000,0.000,0.057,0.042,1.000,0.040,1.000,0.000,0.000,0.019	CCATGGGGGTGCCCAGTCCCAGGAAAGGGG
ENST00000324460	2361	2391	0.792150467493	0.412,0.000,0.000,0.137,0.285,0.000,0.000,0.000,0.000,0.000,0.000,0.404,0.991,0.024,0.098,0.000,0.000,0.000,0.000,0.000,0.000,0.000,0.000,0.000,0.017,0.685,0.000,0.082,0.464,1.000	GAAGAAGAATTGGCCATCTTAAAAAGCGGG
ENST00000324460	2333	2363	0.824304391552	0.000,0.000,0.000,0.000,0.000,0.000,0.000,0.000,0.000,0.011,0.519,0.000,0.051,0.000,0.000,0.000,0.000,0.113,0.000,0.000,0.103,0.268,0.000,0.296,0.000,0.185,1.000,0.025,0.412,0.000	TTGCTCACATGTCTTTGGGTGGGGGGGAGA
ENST00000324460	824	854	0.860963391137	0.000,0.000,0.000,0.000,0.000,0.000,0.000,0.000,0.000,0.010,0.000,0.000,0.026,0.000,0.000,0.000,0.000,0.000,1.000,0.000,0.664,0.113,0.000,0.000,0.000,0.052,1.000,0.234,0.361,0.000	TGCTTATGGCCTGGATAAGAGGGAGGGGGA
ENST00000299767	104	134	0.775466919911	0.099,0.000,0.000,0.000,0.061,0.000,0.000,0.000,0.039,0.000,0.000,0.000,0.000,0.000,0.000,0.000,0.009,0.000,0.000,0.040,0.000,0.040,0.145,0.119,0.000,0.064,0.009,0.024,0.340,0.064	GAGGATCCGAACCCAGGGGTGGGGGGTGGA
ENST00000299767	127	157	0.637159676233	0.119,0.000,0.064,0.009,0.024,0.340,0.064,0.039,0.103,0.000,0.158,0.040,0.000,0.000,0.104,0.000,0.000,0.033,0.064,0.103,0.104,0.000,0.000,0.081,0.000,0.000,0.284,0.204,0.000,0.328	GGGTGGAGGCGGCTCCTGCGATCGAAGGGG
ENST00000303904	74	104	0.88585384916	0.022,0.000,0.000,0.000,0.000,0.000,0.163,0.000,0.000,0.098,0.000,0.000,0.000,0.000,0.000,0.000,0.000,0.000,0.116,0.023,0.000,0.011,0.000,0.000,0.000,0.011,0.000,0.000,0.000,0.409	GGACCGGAGGAAGCAGCGGGATGGAGGTGG
ENST00000424390	193	223	0.639840978593	0.029,0.000,0.124,0.215,0.034,0.000,0.000,0.167,0.000,0.001,0.121,0.816,0.050,0.040,0.010,0.040,0.147,0.130,0.007,0.123,0.040,0.174,0.037,0.000,0.030,0.077,0.004,0.134,0.175,0.000	GAGAATCGCTTGAGCCCGGGAGGTGGAGGT
ENST00000348035	1453	1483	0.638004293434	NULL,NULL,NULL,NULL,NULL,NULL,NULL,NULL,NULL,NULL,NULL,NULL,NULL,NULL,NULL,0.814,0.000,0.002,0.000,0.743,0.203,0.000,0.000,0.453,0.031,0.000,1.000,0.098,0.915,0.244	TCTGTTTAGCTGTGGGTGTGCCGGGTGGGG
ENST00000348035	1466	1496	0.734385264541	NULL,NULL,0.814,0.000,0.002,0.000,0.743,0.203,0.000,0.000,0.453,0.031,0.000,1.000,0.098,0.915,0.244,0.040,0.000,0.000,0.123,0.058,0.691,0.239,0.000,0.000,0.000,0.000,0.000,0.000	GGGTGTGCCGGGTGGGGTGTGTGTGATCAA
ENST00000338663	160	190	0.877272727273	0.085,0.000,0.000,0.000,0.000,0.000,0.001,0.024,0.000,0.000,0.000,0.000,NULL,NULL,NULL,NULL,NULL,NULL,NULL,NULL,NULL,NULL,NULL,NULL,NULL,NULL,NULL,NULL,NULL,NULL	GGACACCGAGGTGGATATGAAGGAGGTGGA
ENST00000234875	675	705	0.711819860776	0.774,0.307,0.027,0.112,0.008,0.000,0.000,0.038,1.000,0.031,0.000,0.000,0.000,0.210,0.182,0.064,0.000,0.474,0.000,0.000,0.884,0.098,0.000,0.000,0.041,0.042,0.027,0.720,1.000,1.000	GGGAGGCAGATGCGGGTGTGGAGGTGTGGG
ENST00000258424	165	195	0.646425349571	0.011,0.011,0.087,0.031,0.221,0.990,0.055,0.104,0.000,0.264,0.182,1.000,NULL,NULL,NULL,NULL,NULL,NULL,NULL,NULL,NULL,NULL,NULL,NULL,NULL,NULL,NULL,NULL,NULL,NULL	ATGAAGAGCAGGCGACTGGGTTGGAGAGGG
ENST00000366794	1769	1799	0.827533073587	NULL,NULL,NULL,NULL,NULL,NULL,NULL,NULL,NULL,NULL,NULL,0.000,0.000,0.000,0.036,0.000,0.058,0.000,0.018,0.694,0.000,0.000,0.015,1.000,0.307,0.000,0.000,0.263,0.000,0.000	TGCGCATGTCCTGGAGAAAGGTGGGAAGGT
ENST00000332598	1228	1258	0.903791102515	0.018,0.000,0.000,0.000,0.000,0.000,0.000,0.000,0.000,0.000,0.000,0.000,0.000,0.000,0.000,0.000,0.000,0.008,0.000,0.000,0.000,0.000,0.000,0.016,0.391,0.000,0.000,0.152,1.000,1.000	GGTGTGTGTGAGTTGAGGGTGGGTGGAGGG
ENST00000332598	1242	1272	0.813893420337	0.000,0.000,0.000,0.008,0.000,0.000,0.000,0.000,0.000,0.016,0.391,0.000,0.000,0.152,1.000,1.000,0.959,0.098,0.000,0.000,0.037,0.000,0.000,0.000,0.000,0.000,0.000,0.103,0.173,0.967	GAGGGTGGGTGGAGGGGTTTGCAGTGTGGG
ENST00000481445	320	350	0.736471935853	0.639,0.000,0.011,0.132,0.000,0.000,0.000,0.000,0.000,0.378,0.011,0.000,0.000,0.000,0.000,0.017,0.000,0.000,0.105,0.033,0.132,0.307,0.012,0.022,0.011,0.304,0.212,0.033,0.149,0.402	GTTGGCAGAGTTACCCCAAAGGAATGGAGG
ENST00000451311	442	472	0.837866108787	0.000,0.000,0.000,0.000,0.000,0.000,0.000,0.000,0.069,0.000,0.000,0.000,0.000,0.000,0.000,0.000,0.000,0.000,0.000,0.000,0.000,0.000,0.145,0.230,0.173,0.023,0.253,0.490,1.000,0.485	AAGAAGTGGGGTGGAAGAAGTGGGGTGGGA
ENST00000423485	69	99	0.649476254739	0.000,0.029,0.103,0.331,0.031,0.268,0.062,0.000,0.145,0.020,0.031,0.000,0.000,0.009,0.131,0.329,1.000,0.187,0.000,0.125,0.219,0.188,0.063,0.492,0.084,0.254,1.000,0.032,0.000,0.054	GTGGAGAAGCGGCTTGGTCGGGGGTGGTCT
ENST00000379731	3765	3795	0.714337735747	0.000,0.000,0.000,0.706,0.425,0.022,0.502,0.000,0.000,0.000,0.000,0.000,0.000,0.170,0.791,0.087,0.107,0.000,0.358,0.109,0.744,0.000,0.056,0.072,0.000,0.000,0.000,0.163,0.821,1.000	ACTGGGGATTTCAGGGCTGGGGGTTCAGGG
ENST00000270162	2862	2892	0.86938394524	0.000,0.000,0.000,0.000,0.000,0.000,0.085,0.000,0.148,0.045,0.277,0.209,0.728,0.098,0.017,0.000,0.000,0.000,0.000,0.000,0.000,0.000,0.000,0.000,0.000,0.000,0.000,0.000,0.000,0.000	TGTGTGTGTGTGTGTGTGTGTGTGTGCGCG
ENST00000270162	2853	2883	0.823593073593	0.000,0.000,0.000,0.037,0.000,0.153,0.000,0.051,0.000,0.000,0.000,0.000,0.000,0.000,0.000,0.085,0.000,0.148,0.045,0.277,0.209,0.728,0.098,0.017,0.000,0.000,0.000,0.000,0.000,0.000	GTCCGCTTGTGTGTGTGTGTGTGTGTGTGT
ENST00000270162	2745	2775	0.748168819433	1.000,0.995,1.000,0.027,0.000,0.000,0.062,0.135,1.000,0.104,0.331,0.444,0.033,0.671,0.000,0.011,0.042,0.000,0.000,0.000,0.000,0.031,0.000,0.000,0.000,0.052,0.000,0.313,0.020,0.000	GGGAACACGTGCAGTGCCGTGGTGTGGGGA
ENST00000233072	3204	3234	0.813554926921	0.724,0.143,0.000,0.000,0.000,0.000,0.000,0.000,0.019,0.000,0.679,0.323,0.000,0.000,0.000,0.383,0.000,0.104,0.145,0.000,0.020,0.000,0.062,0.000,0.000,0.000,0.000,0.000,0.226,0.000	GCGTCAACTTGGCAAGAAGACGGTGGTGGT
ENST00000295598	1	31	0.735104895105	NULL,NULL,NULL,NULL,NULL,0.014,0.000,0.000,0.091,0.928,0.142,0.028,0.044,0.051,0.256,0.027,0.078,0.000,0.010,0.010,0.000,0.312,0.078,0.000,0.017,0.000,0.000,0.305,0.173,0.010	TGGGGCGCAGAGCAGCGGCGGGAGGAGGCG
ENST00000295598	5	35	0.74076569531	NULL,0.014,0.000,0.000,0.091,0.928,0.142,0.028,0.044,0.051,0.256,0.027,0.078,0.000,0.010,0.010,0.000,0.312,0.078,0.000,0.017,0.000,0.000,0.305,0.173,0.010,0.279,0.013,0.000,0.000	GCGCAGAGCAGCGGCGGGAGGAGGCGGACA
ENST00000216146	364	394	0.531538577989	NULL,NULL,NULL,NULL,NULL,NULL,NULL,NULL,NULL,NULL,NULL,NULL,NULL,NULL,0.000,NULL,1.000,NULL,0.000,0.447,0.080,0.093,0.350,0.187,0.115,0.000,1.000,0.406,0.984,1.000	GATCCAAGGTGAACAAGAAGGAGGTGGTGG
ENST00000269397	55	85	0.966666666667	0.000,0.000,0.000,0.000,0.000,0.058,0.000,0.000,0.000,0.000,0.000,0.000,0.000,0.000,0.000,0.000,0.000,0.000,0.000,0.000,0.000,0.000,0.000,0.000,0.000,0.000,0.000,0.000,0.000,0.000	TGCGGGGCGAGCGGCGGCGGCGGCGGGGGC
ENST00000366607	2473	2503	0.88625459897	0.000,0.000,0.000,0.000,0.000,0.000,0.127,0.063,0.427,0.000,0.015,0.000,0.000,0.000,0.000,0.000,0.000,0.000,0.000,0.000,0.000,0.000,0.000,0.000,0.000,0.000,0.000,0.166,0.467,1.000	GAGTGAGGGGCAGCTTAAGTTTGGGGAGGG
ENST00000360184	5453	5483	0.71067232376	0.000,0.000,0.000,0.000,0.000,0.000,0.000,0.034,0.327,0.000,0.054,0.000,0.000,0.034,0.000,0.000,0.162,1.000,0.310,0.146,0.000,0.414,1.000,0.220,0.208,0.385,0.000,0.209,1.000,0.625	ACCGCACTGAGCAGCATGGGCGGAGGTGGA
ENST00000360184	6745	6775	0.811249752426	NULL,NULL,NULL,NULL,NULL,NULL,NULL,NULL,0.037,0.087,0.000,0.000,0.000,0.108,0.000,0.000,0.000,0.000,0.000,0.000,0.000,0.000,0.065,0.000,0.000,NULL,NULL,NULL,NULL,NULL	AGATGGAGAAGAAGTTGGTGGAATGTGGGT
ENST00000462138	810	840	0.694500750751	0.000,0.347,0.000,0.149,0.000,0.149,0.009,0.000,0.095,0.043,0.824,0.486,0.280,0.144,0.000,0.117,0.000,0.369,0.178,0.000,0.000,0.030,0.000,0.000,0.060,0.000,0.158,0.053,0.000,0.061	AGACCTTCAAGGGCCGAGGGATCACGGGGG
ENST00000544301	904	934	0.727753886867	0.000,0.000,0.000,0.000,0.000,0.205,0.000,1.000,0.000,0.024,0.000,0.000,0.023,0.707,0.046,0.117,0.000,0.709,0.000,0.044,0.000,0.266,1.000,0.000,0.194,0.128,0.189,0.250,1.000,0.144	AACCAACGACAAAGCCCGCGTCGAGGTGGA
ENST00000393784	19	49	0.878635415388	NULL,0.886,0.000,0.000,0.000,0.000,0.002,0.000,0.000,0.000,0.000,0.000,0.000,0.000,0.000,0.000,0.000,0.140,0.000,0.134,0.000,0.000,0.016,0.000,0.000,0.288,0.029,0.103,0.088,0.000	GTGTCAGGGGGGCGGCCGGCGGGGGCGGGG
ENST00000393784	32	62	0.781553166069	0.000,0.000,0.000,0.000,0.140,0.000,0.134,0.000,0.000,0.016,0.000,0.000,0.288,0.029,0.103,0.088,0.000,0.000,0.027,0.000,0.000,0.016,0.002,0.902,0.038,0.485,0.271,0.062,0.013,0.176	GGCCGGCGGGGGCGGGGCGGCCGGAGGAGG
ENST00000393784	1111	1141	0.861848019233	0.004,0.008,0.000,0.000,0.000,0.000,0.000,0.000,0.000,0.000,0.064,0.000,0.036,0.236,0.000,0.000,0.000,0.000,0.000,0.000,0.000,0.000,0.000,0.000,0.032,0.364,0.408,0.037,1.000,1.000	TGTCCCAAAGGGTGTGTGGGAAGTGGGGGG
ENST00000393784	1262	1292	0.578782864497	1.000,0.000,0.027,0.055,0.381,0.000,0.077,1.000,0.077,0.180,1.000,0.873,0.348,0.528,1.000,0.213,0.210,0.000,0.075,1.000,0.455,1.000,0.127,0.044,0.000,0.000,0.000,0.117,0.091,1.000	GCAAGGGGTGGGGAGTCCAGGGATCTTGGG
ENST00000370355	4221	4251	0.829046203729	0.000,0.000,0.000,0.000,0.000,0.000,0.000,0.000,0.141,0.013,0.000,0.000,0.000,0.000,0.000,0.000,0.055,0.000,0.000,0.000,0.033,0.000,0.501,0.468,0.162,0.000,0.133,1.000,1.000,0.195	ATGTATGTGTGGCTGTGGGTGTGGGTGGGA
ENST00000370355	4234	4264	0.769024462128	0.000,0.000,0.000,0.055,0.000,0.000,0.000,0.033,0.000,0.501,0.468,0.162,0.000,0.133,1.000,1.000,0.195,0.067,0.000,0.000,0.000,0.150,0.007,0.007,0.000,0.526,0.042,0.000,0.178,0.000	TGTGGGTGTGGGTGGGAGTGTGTCTGCTGA
ENST00000370355	4238	4268	0.769024462128	0.000,0.000,0.000,0.033,0.000,0.501,0.468,0.162,0.000,0.133,1.000,1.000,0.195,0.067,0.000,0.000,0.000,0.150,0.007,0.007,0.000,0.526,0.042,0.000,0.178,0.000,0.055,0.000,0.000,0.000	GGTGTGGGTGGGAGTGTGTCTGCTGAGTAA
ENST00000354725	1975	2005	0.5958223972	0.000,0.000,0.173,0.000,0.479,0.352,0.000,0.000,0.000,0.185,0.186,0.094,0.000,0.290,0.000,0.268,0.098,0.098,0.000,0.000,0.000,0.449,1.000,0.507,0.277,0.203,0.205,0.613,0.516,0.103	GGAGGTGGAGGTGGAGAGCATGGACAAGGC
ENST00000370321	570	600	0.455446159966	1.000,1.000,0.182,1.000,0.164,0.188,0.124,0.289,1.000,0.330,0.082,1.000,0.494,0.244,0.000,0.663,0.122,0.097,0.446,0.151,1.000,1.000,0.145,0.196,0.219,0.379,0.007,0.805,1.000,0.080	GGTGCCCTGAAGGGAGCTGTGGATGGAGGC
